6 0.126562 0.311719 0.187500 0.317188
6 0.250000 0.316406 0.143750 0.329688
10 0.296875 0.435937 0.062500 0.109375
0 0.386719 0.328906 0.145313 0.307812
2 0.466406 0.360156 0.045312 0.317188
3 0.550781 0.424219 0.107813 0.276562
4 0.666406 0.446875 0.101562 0.265625
8 0.791406 0.464844 0.129688 0.273438
0 0.916406 0.478125 0.129688 0.265625
10 0.709375 0.560937 0.025000 0.043750
4 0.235156 0.753125 0.129688 0.128125
4 0.329688 0.745313 0.103125 0.112500
10 0.375000 0.750781 0.053125 0.107813
0 0.434375 0.747656 0.109375 0.117188
6 0.620313 0.784375 0.196875 0.190625
5 0.770312 0.775781 0.181250 0.173437
10 0.814063 0.795312 0.062500 0.090625
0 0.907031 0.782031 0.185938 0.185938