8 0.277344 0.225781 0.123438 0.367188
5 0.126562 0.210156 0.225000 0.398438
4 0.557813 0.345313 0.140625 0.128125
6 0.432031 0.346094 0.157812 0.126562
0 0.704688 0.350781 0.153125 0.117188
0 0.850781 0.347656 0.164062 0.123438
0 0.025781 0.750781 0.051562 0.270313
8 0.023438 0.757812 0.046875 0.256250
7 0.021875 0.753125 0.043750 0.250000
2 0.025781 0.764062 0.051562 0.262500
4 0.046094 0.765625 0.092188 0.243750
3 0.140625 0.775781 0.106250 0.276562
10 0.074219 0.892188 0.014063 0.028125
5 0.407031 0.576562 0.135937 0.334375
0 0.570312 0.589063 0.225000 0.359375
0 0.782031 0.601562 0.220312 0.384375
0 0.930469 0.605469 0.139063 0.392188
10 0.648438 0.727344 0.075000 0.107813