8 0.141406 0.399219 0.207813 0.360938
5 0.057031 0.381250 0.114062 0.396875
0 0.335156 0.410938 0.167187 0.337500
10 0.717969 0.497656 0.051562 0.095312
0 0.816406 0.347656 0.164062 0.392188
1 0.960938 0.385156 0.078125 0.367188
6 0.646875 0.335156 0.175000 0.385937
2 0.512500 0.323437 0.175000 0.368750
1 0.461719 0.316406 0.085938 0.385937
4 0.336719 0.836719 0.164062 0.326562
2 0.175781 0.817187 0.185938 0.365625
2 0.051562 0.789844 0.103125 0.420312
2 0.053906 0.800000 0.107813 0.400000
10 0.232031 0.979688 0.089063 0.040625
3 0.617969 0.677344 0.179688 0.195312
0 0.790625 0.671875 0.150000 0.184375
10 0.860156 0.646094 0.057813 0.098437
0 0.935156 0.678125 0.129688 0.196875