0 0.047656 0.321094 0.095312 0.176563
0 0.048438 0.303125 0.096875 0.212500
0 0.074219 0.285156 0.148438 0.248438
3 0.473438 0.362500 0.046875 0.093750
6 0.493750 0.353906 0.087500 0.110937
0 0.552344 0.346875 0.104688 0.125000
0 0.631250 0.335938 0.112500 0.146875
6 0.064844 0.635938 0.114062 0.190625
7 0.138281 0.607031 0.101562 0.179688
10 0.180469 0.663281 0.035937 0.060937
0 0.203125 0.593750 0.100000 0.168750
0 0.266406 0.583594 0.107813 0.192188
1 0.482031 0.810156 0.064062 0.279687
3 0.489063 0.780469 0.078125 0.307812
0 0.498437 0.765625 0.096875 0.303125
5 0.557813 0.738281 0.159375 0.310937
10 0.628125 0.842187 0.040625 0.056250
7 0.667969 0.709375 0.148438 0.287500