5 0.099219 0.357031 0.198437 0.435937
0 0.278906 0.389062 0.235937 0.400000
0 0.463281 0.417969 0.242188 0.342187
0 0.596094 0.444531 0.126562 0.289062
10 0.321875 0.578125 0.040625 0.021875
1 0.692969 0.368750 0.067187 0.250000
3 0.701562 0.395313 0.084375 0.300000
8 0.699219 0.420312 0.079687 0.300000
10 0.678906 0.510156 0.039062 0.076563
0 0.753906 0.444531 0.160938 0.289062
1 0.867188 0.463281 0.137500 0.251563
1 0.217969 0.671875 0.145313 0.165625
7 0.339844 0.673438 0.182812 0.168750
7 0.492188 0.671094 0.168750 0.164062
0 0.588281 0.667969 0.142187 0.157812
10 0.505469 0.684375 0.035937 0.059375
2 0.710156 0.651563 0.101562 0.125000
1 0.792969 0.659375 0.126562 0.140625
9 0.863281 0.672656 0.145313 0.167187
10 0.885156 0.728125 0.035937 0.059375
0 0.946875 0.681250 0.106250 0.184375