2 0.021875 0.055469 0.043750 0.110937
8 0.041406 0.060156 0.082812 0.120313
9 0.142969 0.063281 0.092188 0.126562
10 0.176563 0.113281 0.015625 0.032813
0 0.242188 0.070312 0.103125 0.140625
0 0.340625 0.078906 0.109375 0.157812
6 0.531250 0.112500 0.062500 0.225000
7 0.567969 0.122656 0.110937 0.245312
10 0.611719 0.232813 0.023438 0.043750
0 0.707812 0.136719 0.137500 0.273438
0 0.851562 0.139844 0.137500 0.279687
9 0.026562 0.539844 0.053125 0.242188
5 0.024219 0.554688 0.048438 0.246875
10 0.040625 0.664062 0.031250 0.040625
0 0.114844 0.578125 0.117188 0.259375
1 0.265625 0.600781 0.075000 0.264062
7 0.973437 0.484375 0.053125 0.131250
1 0.628125 0.450000 0.046875 0.062500
8 0.668750 0.452344 0.078125 0.067187