0 0.234375 0.295312 0.168750 0.387500
0 0.416406 0.301563 0.185938 0.418750
5 0.069531 0.285156 0.139063 0.414062
2 0.043750 0.276562 0.087500 0.415625
10 0.121875 0.435937 0.056250 0.118750
5 0.563281 0.109375 0.107813 0.218750
7 0.928125 0.107031 0.143750 0.214062
10 0.804688 0.132031 0.062500 0.110937
8 0.717187 0.106250 0.196875 0.212500
0 0.017188 0.639062 0.034375 0.118750
0 0.017969 0.637500 0.035937 0.115625
3 0.028125 0.639062 0.056250 0.118750
7 0.116406 0.633594 0.057813 0.107813
9 0.204687 0.634375 0.068750 0.109375
5 0.297656 0.636719 0.060937 0.114062
5 0.385156 0.632812 0.057813 0.106250
10 0.333594 0.590625 0.014063 0.021875
0 0.832031 0.884375 0.085938 0.215625
1 0.939844 0.885938 0.067187 0.200000
10 0.775781 0.964844 0.029687 0.070312
3 0.739844 0.879687 0.076563 0.240625