3 0.035937 0.253906 0.071875 0.323437
1 0.089063 0.264062 0.103125 0.306250
0 0.194531 0.261719 0.148438 0.310937
10 0.245312 0.400781 0.059375 0.104688
0 0.316406 0.284375 0.139063 0.296875
7 0.850781 0.064062 0.089063 0.128125
0 0.932031 0.067969 0.101562 0.135937
1 0.475781 0.030469 0.039062 0.060937
8 0.517969 0.032813 0.070312 0.065625
7 0.022656 0.567969 0.045312 0.176563
0 0.022656 0.574219 0.045312 0.189062
6 0.025000 0.583594 0.050000 0.207813
7 0.076563 0.588281 0.084375 0.217188
8 0.153125 0.589063 0.096875 0.218750
2 0.455469 0.578125 0.092188 0.196875
4 0.575000 0.583594 0.128125 0.207813
6 0.699219 0.590625 0.135937 0.221875
10 0.750781 0.660156 0.042188 0.082812
0 0.827344 0.608594 0.129688 0.257812
0 0.947656 0.595313 0.104688 0.231250