3 0.082812 0.271875 0.121875 0.262500
1 0.200781 0.268750 0.089063 0.246875
0 0.282813 0.259375 0.125000 0.250000
10 0.332031 0.367188 0.048438 0.084375
0 0.381250 0.270313 0.115625 0.240625
5 0.578125 0.382031 0.090625 0.235937
5 0.686719 0.367188 0.073438 0.228125
10 0.734375 0.462500 0.015625 0.031250
0 0.785937 0.362500 0.084375 0.237500
0 0.883594 0.351562 0.092188 0.228125
1 0.020313 0.911719 0.040625 0.176563
0 0.025781 0.907813 0.051562 0.184375
0 0.049219 0.910156 0.098437 0.179688
0 0.141406 0.907813 0.095312 0.184375
6 0.024219 0.913281 0.048438 0.173437
8 0.607812 0.958594 0.156250 0.082812
3 0.721875 0.957031 0.128125 0.085938
3 0.825000 0.957812 0.118750 0.084375