3 0.131250 0.384375 0.181250 0.309375
7 0.277344 0.392969 0.157812 0.292187
6 0.410156 0.396875 0.151562 0.284375
0 0.506250 0.403125 0.087500 0.271875
10 0.453125 0.524219 0.056250 0.029687
10 0.578906 0.467969 0.051562 0.092188
6 0.661719 0.379688 0.142187 0.290625
8 0.781250 0.353906 0.156250 0.270313
3 0.586719 0.353906 0.073438 0.310937
4 0.588281 0.336719 0.076563 0.285938
2 0.264844 0.843750 0.145313 0.312500
8 0.435156 0.846875 0.139063 0.306250
3 0.513281 0.856250 0.073438 0.287500
8 0.764062 0.632031 0.184375 0.185938
6 0.921875 0.630469 0.156250 0.182812
10 0.974219 0.572656 0.035937 0.064062