3 0.203906 0.378906 0.210938 0.301563
7 0.339844 0.364063 0.185938 0.331250
6 0.468750 0.330469 0.181250 0.335938
0 0.591406 0.294531 0.176563 0.339062
10 0.557813 0.443750 0.062500 0.096875
6 0.732812 0.177344 0.106250 0.354687
7 0.721875 0.152344 0.084375 0.304688
10 0.785937 0.294531 0.090625 0.135937
0 0.835156 0.143750 0.214062 0.287500
2 0.935156 0.125000 0.129688 0.250000
8 0.114062 0.659375 0.096875 0.190625
8 0.197656 0.644531 0.098437 0.201563
10 0.260937 0.706250 0.021875 0.025000
1 0.298438 0.614844 0.068750 0.170313
4 0.366406 0.613281 0.095312 0.167187
1 0.953906 0.702344 0.092188 0.273438