1 0.240625 0.259375 0.084375 0.290625
2 0.332813 0.254688 0.131250 0.306250
0 0.442969 0.245312 0.114062 0.318750
10 0.485938 0.353906 0.028125 0.101562
0 0.521094 0.425000 0.042188 0.237500
0 0.581250 0.429688 0.096875 0.231250
0 0.676562 0.435156 0.084375 0.235937
3 0.768750 0.434375 0.075000 0.234375
9 0.850000 0.442969 0.078125 0.217188
7 0.939063 0.440625 0.068750 0.209375
2 0.985938 0.446875 0.028125 0.215625
2 0.027344 0.934375 0.054688 0.131250
3 0.031250 0.941406 0.062500 0.117188
3 0.102344 0.944531 0.098437 0.110937
0 0.195312 0.946094 0.106250 0.107813
0 0.292969 0.953125 0.107813 0.093750
4 0.673438 0.902344 0.115625 0.195312
1 0.841406 0.907031 0.054688 0.185938
0 0.942187 0.911719 0.115625 0.176563