1 0.078125 0.072656 0.078125 0.145313
2 0.170313 0.076563 0.125000 0.153125
0 0.288281 0.078906 0.123438 0.157812
10 0.348438 0.038281 0.050000 0.076563
0 0.410156 0.071875 0.114062 0.143750
0 0.520312 0.071094 0.128125 0.142187
4 0.733594 0.178906 0.089063 0.357812
7 0.741406 0.160938 0.104688 0.321875
10 0.784375 0.248438 0.053125 0.096875
9 0.874219 0.164062 0.160938 0.328125
0 0.964844 0.130469 0.070312 0.260937
6 0.089063 0.838281 0.178125 0.323437
9 0.296094 0.834375 0.151562 0.331250
0 0.498437 0.828906 0.187500 0.342187
0 0.638281 0.827344 0.101562 0.345313
3 0.732812 0.750000 0.087500 0.400000
6 0.721094 0.750781 0.064062 0.351562
10 0.735156 0.900000 0.051562 0.087500
5 0.809375 0.757812 0.165625 0.412500
4 0.946094 0.708594 0.107813 0.357812