6 0.053125 0.106250 0.106250 0.212500
0 0.119531 0.125781 0.226562 0.251563
0 0.325000 0.144531 0.259375 0.289062
1 0.536719 0.161719 0.064062 0.323437
10 0.178906 0.235937 0.035937 0.062500
4 0.869531 0.101562 0.214062 0.203125
9 0.107031 0.638281 0.214062 0.476562
4 0.302344 0.660937 0.235937 0.434375
10 0.366406 0.877344 0.042188 0.051562
0 0.476562 0.711719 0.184375 0.492188
4 0.635938 0.581250 0.134375 0.362500
0 0.722656 0.601562 0.279687 0.403125
10 0.798438 0.747656 0.096875 0.170313
0 0.899219 0.621875 0.201563 0.443750