2 0.085156 0.194531 0.170313 0.389062
3 0.269531 0.210156 0.179688 0.420312
0 0.415625 0.240625 0.106250 0.415625
6 0.555469 0.282031 0.173437 0.426563
6 0.956250 0.357031 0.087500 0.404687
3 0.710156 0.288281 0.207813 0.442188
10 0.751563 0.451562 0.068750 0.115625
9 0.867969 0.323437 0.207813 0.393750
4 0.240625 0.951562 0.134375 0.096875
1 0.410938 0.962500 0.084375 0.075000
2 0.514844 0.700000 0.092188 0.281250
1 0.514062 0.708594 0.090625 0.298438
5 0.613281 0.722656 0.164062 0.326562
10 0.673438 0.846094 0.062500 0.101562
0 0.775781 0.728125 0.176563 0.337500
2 0.920312 0.739062 0.159375 0.359375