6 0.332813 0.319531 0.150000 0.345313
6 0.500000 0.319531 0.112500 0.326562
10 0.558594 0.432812 0.035937 0.065625
0 0.624219 0.328125 0.110937 0.393750
2 0.753906 0.184375 0.107813 0.215625
8 0.852344 0.172656 0.095312 0.220312
10 0.886719 0.257031 0.029687 0.054688
0 0.938281 0.170313 0.085938 0.200000
0 0.989062 0.162500 0.021875 0.221875
6 0.302344 0.743750 0.154688 0.150000
4 0.446875 0.740625 0.125000 0.143750
10 0.487500 0.691406 0.043750 0.045312
6 0.553906 0.740625 0.120313 0.143750
8 0.643750 0.741406 0.071875 0.145313
3 0.739062 0.932813 0.118750 0.134375
0 0.907813 0.930469 0.184375 0.139063