6 0.144531 0.126562 0.176563 0.253125
6 0.273438 0.107031 0.143750 0.214062
10 0.346094 0.153906 0.039062 0.057813
0 0.356250 0.111719 0.125000 0.223438
7 0.454688 0.313281 0.071875 0.242188
1 0.513281 0.285156 0.123438 0.242188
10 0.578125 0.377344 0.081250 0.114062
0 0.596875 0.263281 0.143750 0.235937
1 0.720313 0.229687 0.118750 0.225000
2 0.039062 0.611719 0.078125 0.145313
8 0.037500 0.609375 0.075000 0.140625
7 0.031250 0.604688 0.062500 0.131250
10 0.071094 0.578906 0.029687 0.042188
0 0.107031 0.609375 0.160938 0.140625
0 0.230469 0.610156 0.167187 0.142187
3 0.686719 0.692969 0.176563 0.307812
3 0.862500 0.668750 0.175000 0.259375
9 0.780469 0.673438 0.160938 0.268750
7 0.940625 0.646094 0.118750 0.214062
1 0.434375 0.689844 0.031250 0.151562
8 0.446875 0.680469 0.056250 0.182812