2 0.103125 0.307812 0.203125 0.375000
8 0.260937 0.335938 0.175000 0.328125
6 0.386719 0.353906 0.104688 0.292187
10 0.317969 0.477344 0.054688 0.045312
1 0.713281 0.247656 0.029687 0.092188
6 0.750781 0.251563 0.048438 0.103125
1 0.805469 0.269531 0.032813 0.104688
10 0.812500 0.305469 0.012500 0.020313
0 0.840625 0.274219 0.050000 0.120313
1 0.896094 0.276562 0.035937 0.109375
2 0.055469 0.827344 0.110937 0.345313
2 0.053906 0.839844 0.107813 0.320312
0 0.175000 0.853906 0.262500 0.292187
0 0.062500 0.832031 0.125000 0.335938
1 0.475781 0.659375 0.073438 0.318750
8 0.503906 0.652344 0.129688 0.304688
1 0.733594 0.657031 0.104688 0.314063
10 0.742188 0.792969 0.059375 0.104688
0 0.882812 0.680469 0.234375 0.360938