2 0.048438 0.192188 0.096875 0.334375
8 0.041406 0.218750 0.082812 0.281250
6 0.073438 0.236719 0.146875 0.245312
6 0.215625 0.246875 0.165625 0.225000
0 0.695312 0.202344 0.187500 0.314063
0 0.942969 0.229687 0.114062 0.259375
4 0.832812 0.218750 0.159375 0.281250
4 0.542188 0.185938 0.171875 0.346875
10 0.868750 0.333594 0.050000 0.051562
1 0.188281 0.789062 0.164062 0.378125
0 0.307812 0.801562 0.184375 0.387500
3 0.437500 0.506250 0.075000 0.293750
6 0.502344 0.505469 0.148438 0.292187
10 0.571094 0.632031 0.057813 0.079687
0 0.678125 0.504687 0.153125 0.290625
0 0.842969 0.510938 0.151562 0.303125