10 0.268750 0.341406 0.050000 0.082812
4 0.300000 0.242188 0.037500 0.296875
5 0.227344 0.220312 0.154688 0.296875
2 0.103125 0.181250 0.203125 0.309375
4 0.378906 0.092969 0.120313 0.185938
1 0.562500 0.096094 0.103125 0.192188
6 0.696875 0.110156 0.190625 0.220312
10 0.756250 0.228906 0.065625 0.104688
0 0.889844 0.137500 0.204687 0.275000
6 0.053906 0.938281 0.107813 0.123438
4 0.031250 0.939844 0.062500 0.120313
0 0.160938 0.946094 0.143750 0.107813
0 0.258594 0.947656 0.120313 0.104688
10 0.836719 0.868750 0.045312 0.071875
8 0.672656 0.730469 0.179688 0.282813
0 0.914844 0.767969 0.170313 0.289062
0 0.797656 0.748437 0.157812 0.287500