5 0.071875 0.311719 0.143750 0.460938
0 0.240625 0.311719 0.228125 0.501563
10 0.344531 0.486719 0.085938 0.114062
0 0.449219 0.288281 0.220312 0.489063
0 0.602344 0.317969 0.085938 0.282813
0 0.680469 0.305469 0.126562 0.276562
0 0.771094 0.294531 0.123438 0.289062
0 0.985938 0.260937 0.028125 0.246875
4 0.941406 0.270313 0.114062 0.240625
3 0.863281 0.282813 0.110937 0.275000
8 0.043750 0.739844 0.087500 0.242188
6 0.157812 0.739844 0.156250 0.242188
10 0.241406 0.835156 0.032813 0.060937
5 0.326562 0.741406 0.143750 0.245312
2 0.480469 0.740625 0.157812 0.243750
3 0.632031 0.712500 0.145313 0.187500
6 0.761719 0.703125 0.157812 0.168750
10 0.840625 0.730469 0.050000 0.073438
3 0.913281 0.707031 0.148438 0.176563