5 0.328906 0.254688 0.270313 0.409375
3 0.459375 0.184375 0.212500 0.368750
10 0.556250 0.302344 0.062500 0.104688
0 0.621875 0.166406 0.256250 0.332813
1 0.732812 0.142187 0.093750 0.284375
6 0.823438 0.403906 0.087500 0.151562
1 0.812500 0.385937 0.065625 0.187500
9 0.852344 0.364844 0.145313 0.229687
2 0.064062 0.624219 0.128125 0.289062
2 0.181250 0.601562 0.212500 0.243750
4 0.339062 0.565625 0.187500 0.171875
10 0.439063 0.600781 0.037500 0.054688
0 0.485938 0.569531 0.218750 0.179688
0 0.650000 0.573438 0.218750 0.187500
1 0.807813 0.649219 0.056250 0.285938
8 0.867969 0.634375 0.176563 0.309375
4 0.962500 0.614062 0.075000 0.268750