5 0.110937 0.125000 0.221875 0.250000
3 0.246875 0.114844 0.196875 0.229687
10 0.276562 0.196094 0.056250 0.104688
0 0.403125 0.136719 0.231250 0.273438
1 0.499219 0.154688 0.039062 0.309375
9 0.837500 0.296094 0.203125 0.345313
5 0.935937 0.317969 0.128125 0.301563
4 0.162500 0.561719 0.209375 0.185938
0 0.307031 0.563281 0.198437 0.189062
10 0.346094 0.553125 0.064062 0.093750
0 0.432031 0.564844 0.173437 0.192188
8 0.564063 0.851562 0.090625 0.296875
4 0.604688 0.865625 0.162500 0.268750
8 0.718750 0.879687 0.165625 0.240625
2 0.858594 0.895312 0.167187 0.209375