1 0.201563 0.064062 0.112500 0.128125
7 0.285156 0.065625 0.139063 0.131250
10 0.347656 0.014844 0.039062 0.029687
7 0.385937 0.067187 0.143750 0.134375
4 0.485938 0.066406 0.165625 0.132812
4 0.661719 0.292969 0.064062 0.214062
4 0.669531 0.271875 0.079687 0.187500
10 0.721094 0.335156 0.051562 0.089063
0 0.741406 0.257812 0.114062 0.196875
0 0.815625 0.235937 0.134375 0.237500
2 0.057031 0.673438 0.114062 0.293750
8 0.153906 0.657031 0.154688 0.276562
7 0.278125 0.627344 0.131250 0.217188
10 0.357031 0.717969 0.029687 0.042188
0 0.391406 0.625781 0.164062 0.214062
0 0.514844 0.614062 0.170313 0.190625
3 0.878906 0.600781 0.179688 0.164062
9 0.944531 0.589844 0.110937 0.142187
1 0.645312 0.562500 0.031250 0.087500
8 0.658594 0.565625 0.057813 0.093750