8 0.379688 0.224219 0.162500 0.295312
10 0.450000 0.332813 0.075000 0.115625
0 0.507031 0.228906 0.164062 0.348438
3 0.271094 0.215625 0.145313 0.312500
3 0.630469 0.341406 0.082812 0.326562
5 0.627344 0.342187 0.076563 0.306250
3 0.673438 0.329688 0.121875 0.271875
10 0.732812 0.434375 0.040625 0.075000
3 0.815625 0.315625 0.137500 0.284375
6 0.294531 0.825000 0.195312 0.350000
5 0.444531 0.820312 0.179688 0.340625
10 0.514062 0.948438 0.062500 0.087500
0 0.539844 0.817187 0.098437 0.356250
2 0.630469 0.872656 0.082812 0.254688
7 0.639844 0.883594 0.101562 0.232813
5 0.743750 0.881250 0.146875 0.237500
0 0.899219 0.867188 0.176563 0.265625