8 0.422656 0.359375 0.176563 0.303125
10 0.464844 0.482031 0.079687 0.120313
0 0.496094 0.396094 0.085938 0.357812
3 0.319531 0.328125 0.160938 0.318750
6 0.596094 0.186719 0.114062 0.373437
9 0.590625 0.213281 0.103125 0.426563
0 0.732812 0.217188 0.237500 0.434375
10 0.590625 0.360156 0.068750 0.095312
0 0.896094 0.233594 0.207813 0.467187
6 0.056250 0.791406 0.112500 0.223438
8 0.103906 0.789844 0.207813 0.220312
0 0.282031 0.785937 0.192188 0.212500
1 0.488281 0.776563 0.101562 0.193750
10 0.156250 0.698438 0.050000 0.037500
3 0.835156 0.784375 0.189062 0.209375
7 0.966406 0.769531 0.067187 0.179688
10 0.993750 0.807031 0.012500 0.098437