3 0.037500 0.307031 0.075000 0.245312
6 0.056250 0.325000 0.112500 0.209375
5 0.172656 0.340625 0.142187 0.178125
0 0.305469 0.349219 0.160938 0.160938
1 0.468750 0.364844 0.115625 0.129688
2 0.678906 0.341406 0.120313 0.176563
2 0.761719 0.352344 0.167187 0.154688
2 0.945312 0.385156 0.109375 0.089063
8 0.864062 0.374219 0.162500 0.110937
5 0.423438 0.630469 0.246875 0.401562
8 0.545312 0.650781 0.146875 0.398438
10 0.600000 0.813281 0.037500 0.129688
2 0.665625 0.556250 0.093750 0.253125
3 0.664844 0.572656 0.092188 0.285938
0 0.665625 0.588281 0.093750 0.317188
10 0.663281 0.703906 0.060937 0.098437
0 0.760156 0.599219 0.198437 0.329688
0 0.896875 0.631250 0.196875 0.346875