5 0.053125 0.196094 0.106250 0.392188
7 0.300000 0.166406 0.159375 0.332813
10 0.182812 0.325000 0.065625 0.112500
8 0.098437 0.203125 0.196875 0.406250
7 0.941406 0.093750 0.117188 0.187500
1 0.838281 0.089063 0.098437 0.178125
7 0.213281 0.914844 0.070312 0.170313
0 0.339062 0.917188 0.081250 0.165625
8 0.377344 0.921094 0.023438 0.157812
6 0.267188 0.920312 0.071875 0.159375
10 0.297656 0.985938 0.026562 0.028125
2 0.437500 0.821875 0.096875 0.356250
0 0.439063 0.821875 0.100000 0.356250
8 0.602344 0.825000 0.145313 0.350000
0 0.795312 0.807031 0.190625 0.385937