5 0.057031 0.350000 0.114062 0.418750
7 0.358594 0.303125 0.160938 0.440625
10 0.263281 0.508594 0.070312 0.101562
8 0.162500 0.360156 0.225000 0.398438
0 0.764062 0.197656 0.175000 0.357812
0 0.907813 0.207813 0.171875 0.371875
1 0.630469 0.196094 0.117188 0.351562
10 0.687500 0.331250 0.040625 0.087500
4 0.494531 0.200000 0.110937 0.384375
1 0.110937 0.939844 0.128125 0.120313
4 0.242188 0.937500 0.159375 0.125000
7 0.375781 0.934375 0.126562 0.131250
3 0.516406 0.882031 0.154688 0.235937
7 0.651563 0.878906 0.146875 0.242188
6 0.782813 0.871094 0.140625 0.257812
0 0.921094 0.864844 0.157812 0.270313