2 0.100000 0.110156 0.168750 0.220312
5 0.246094 0.120313 0.160938 0.240625
0 0.385156 0.130469 0.167187 0.260937
0 0.478906 0.140625 0.079687 0.281250
10 0.281250 0.211719 0.034375 0.048438
0 0.617188 0.292969 0.196875 0.542188
0 0.747656 0.328906 0.285938 0.501563
9 0.882812 0.338281 0.234375 0.482812
10 0.968750 0.548438 0.062500 0.062500
2 0.060156 0.885156 0.120313 0.229687
2 0.102344 0.897656 0.204687 0.204687
5 0.246094 0.910156 0.235937 0.179688
0 0.407031 0.922656 0.223438 0.154688
5 0.631250 0.697656 0.134375 0.235937
0 0.746875 0.710156 0.156250 0.260937
10 0.779687 0.817969 0.021875 0.032813
0 0.863281 0.715625 0.154688 0.271875
0 0.985156 0.742969 0.029687 0.257812