3 0.166406 0.087500 0.173437 0.175000
3 0.305469 0.080469 0.148438 0.160938
10 0.344531 0.113281 0.060937 0.110937
0 0.428906 0.080469 0.157812 0.160938
2 0.526563 0.099219 0.106250 0.198437
0 0.622656 0.180469 0.085938 0.354687
0 0.619531 0.199219 0.079687 0.367188
0 0.636719 0.242969 0.114062 0.357812
6 0.714063 0.262500 0.150000 0.337500
8 0.817969 0.292969 0.154688 0.329688
0 0.913281 0.307812 0.145313 0.312500
10 0.954688 0.450000 0.034375 0.056250
4 0.968750 0.339844 0.062500 0.292187
6 0.046094 0.687500 0.092188 0.337500
6 0.075781 0.697656 0.151562 0.357812
10 0.132031 0.856250 0.029687 0.037500
0 0.246875 0.738281 0.200000 0.389062
1 0.467187 0.737500 0.115625 0.371875
0 0.639844 0.793750 0.120313 0.412500
8 0.642188 0.810937 0.125000 0.378125
10 0.660156 0.978125 0.076563 0.043750
0 0.782813 0.831250 0.228125 0.337500
0 0.927344 0.836719 0.145313 0.326562