3 0.361719 0.179688 0.170313 0.346875
3 0.454688 0.165625 0.050000 0.318750
5 0.606250 0.185938 0.093750 0.231250
2 0.708594 0.168750 0.107813 0.237500
10 0.771875 0.254688 0.021875 0.046875
0 0.813281 0.155469 0.101562 0.232813
1 0.942187 0.148438 0.081250 0.271875
4 0.065625 0.685937 0.131250 0.271875
6 0.175000 0.676562 0.171875 0.253125
10 0.261719 0.743750 0.073438 0.103125
0 0.319531 0.660156 0.185938 0.220312
1 0.435937 0.636719 0.087500 0.173437
0 0.918750 0.633594 0.162500 0.167187
5 0.778906 0.627344 0.160938 0.154688
3 0.656250 0.635156 0.143750 0.170313
2 0.530469 0.630469 0.101562 0.160938
10 0.866406 0.599219 0.060937 0.098437