6 0.391406 0.326562 0.192188 0.365625
8 0.539062 0.304688 0.181250 0.400000
10 0.612500 0.439063 0.053125 0.112500
0 0.613281 0.303125 0.051562 0.387500
7 0.683594 0.257812 0.089063 0.409375
1 0.721094 0.226562 0.098437 0.381250
10 0.796094 0.384375 0.039062 0.059375
0 0.879687 0.193750 0.200000 0.387500
2 0.975000 0.187500 0.050000 0.375000
6 0.704688 0.879687 0.131250 0.240625
2 0.809375 0.875781 0.153125 0.248438
10 0.863281 0.960156 0.051562 0.076563
0 0.908594 0.866406 0.132812 0.248438
0 0.967187 0.859375 0.065625 0.281250