6 0.185156 0.262500 0.129688 0.284375
8 0.305469 0.271094 0.120313 0.314063
10 0.348438 0.389844 0.050000 0.085938
0 0.425781 0.296875 0.139063 0.300000
0 0.540625 0.298438 0.112500 0.275000
1 0.759375 0.065625 0.068750 0.131250
7 0.857031 0.065625 0.101562 0.131250
7 0.968750 0.064844 0.062500 0.129688
4 0.029687 0.540625 0.059375 0.143750
7 0.142969 0.541406 0.101562 0.145313
10 0.189062 0.576562 0.025000 0.034375
6 0.270313 0.542188 0.121875 0.146875
0 0.427344 0.543750 0.142187 0.150000
4 0.707812 0.579688 0.056250 0.221875
9 0.721875 0.588281 0.084375 0.239063
8 0.796875 0.584375 0.096875 0.231250
8 0.695312 0.502344 0.031250 0.067187
1 0.687500 0.503906 0.015625 0.070312
1 0.909375 0.576562 0.062500 0.215625
10 0.918750 0.678906 0.021875 0.073438
3 0.964844 0.587500 0.070312 0.237500