5 0.146875 0.314844 0.209375 0.420312
9 0.337500 0.320312 0.178125 0.418750
10 0.421875 0.488281 0.056250 0.082812
4 0.552344 0.091406 0.182812 0.182812
1 0.715625 0.082031 0.109375 0.164062
5 0.825781 0.092188 0.148438 0.184375
10 0.895312 0.139063 0.050000 0.081250
0 0.954688 0.091406 0.090625 0.182812
5 0.053906 0.757031 0.107813 0.454688
4 0.178125 0.767969 0.178125 0.448437
10 0.275000 0.953906 0.075000 0.092188
0 0.375781 0.780469 0.148438 0.439063
7 0.497656 0.755469 0.095312 0.451562
6 0.496875 0.754687 0.093750 0.450000
10 0.495312 0.928906 0.090625 0.142187
0 0.631250 0.761719 0.231250 0.464062
0 0.871875 0.752344 0.237500 0.445312