5 0.057031 0.265625 0.114062 0.431250
9 0.131250 0.246875 0.200000 0.434375
10 0.236719 0.407813 0.060937 0.106250
1 0.313281 0.215625 0.092188 0.428125
0 0.384375 0.385156 0.050000 0.229687
0 0.465625 0.385156 0.093750 0.229687
3 0.564844 0.380469 0.095312 0.239063
7 0.663281 0.377344 0.076563 0.220312
9 0.752344 0.383594 0.089063 0.226562
5 0.845313 0.378125 0.081250 0.237500
5 0.932813 0.376563 0.075000 0.218750
10 0.894531 0.471875 0.014063 0.031250
5 0.058594 0.727344 0.117188 0.454688
7 0.053906 0.703906 0.107813 0.407813
0 0.078125 0.698438 0.156250 0.396875
1 0.260156 0.681250 0.198437 0.362500
10 0.019531 0.858594 0.039062 0.120313
10 0.947656 0.859375 0.035937 0.068750
10 0.807813 0.766406 0.100000 0.260937
2 0.892188 0.771094 0.112500 0.267188
0 0.969531 0.779687 0.060937 0.250000