0 0.054688 0.310937 0.109375 0.378125
0 0.213281 0.319531 0.210938 0.360938
0 0.352344 0.323437 0.073438 0.353125
2 0.062500 0.295312 0.125000 0.409375
5 0.457031 0.313281 0.135937 0.373437
0 0.625781 0.323437 0.207813 0.353125
0 0.835938 0.335938 0.203125 0.328125
0 0.960938 0.338281 0.078125 0.323437
4 0.059375 0.896094 0.118750 0.207813
9 0.172656 0.898438 0.126562 0.203125
0 0.317969 0.908594 0.142187 0.182812
10 0.989844 0.794531 0.020313 0.095312
6 0.922656 0.661719 0.154688 0.323437
2 0.792969 0.650781 0.164062 0.301563
1 0.658594 0.651563 0.160938 0.303125