0 0.078906 0.318750 0.157812 0.421875
0 0.146094 0.343750 0.292187 0.371875
0 0.324219 0.365625 0.289062 0.328125
2 0.088281 0.282031 0.176563 0.495312
3 0.604688 0.103906 0.234375 0.207813
6 0.529687 0.101562 0.121875 0.203125
9 0.762500 0.135156 0.231250 0.270313
10 0.652344 0.187500 0.073438 0.103125
7 0.905469 0.131250 0.189062 0.262500
5 0.064844 0.821875 0.129688 0.253125
7 0.175781 0.864062 0.132812 0.262500
10 0.190625 0.962500 0.053125 0.075000
0 0.278906 0.878125 0.167187 0.243750
0 0.376563 0.892188 0.175000 0.215625
2 0.551562 0.672656 0.165625 0.285938
1 0.721875 0.696094 0.137500 0.320312
9 0.834375 0.722656 0.178125 0.326562
10 0.864844 0.872656 0.054688 0.073438
0 0.936719 0.760156 0.126562 0.329688