5 0.184375 0.260937 0.150000 0.346875
4 0.308594 0.235937 0.135937 0.293750
10 0.381250 0.353906 0.037500 0.057813
0 0.403125 0.224219 0.112500 0.298438
3 0.501563 0.173437 0.084375 0.346875
4 0.506250 0.164062 0.093750 0.328125
5 0.613281 0.149219 0.164062 0.298438
10 0.716406 0.254688 0.060937 0.093750
0 0.777344 0.149219 0.192188 0.298438
1 0.943750 0.134375 0.112500 0.268750
5 0.154688 0.813281 0.265625 0.373437
9 0.346094 0.803906 0.226562 0.392188
10 0.443750 0.964844 0.031250 0.070312
1 0.491406 0.831250 0.064062 0.337500
9 0.578906 0.813281 0.185938 0.364063
4 0.710938 0.778125 0.156250 0.306250
10 0.789062 0.892188 0.050000 0.112500
0 0.853906 0.769531 0.192188 0.326562
0 0.956250 0.760156 0.087500 0.342187