1 0.135156 0.110156 0.104688 0.220312
0 0.232031 0.117969 0.173437 0.235937
5 0.343750 0.100781 0.140625 0.201563
10 0.420312 0.150781 0.034375 0.048438
0 0.461719 0.087500 0.154688 0.175000
0 0.574219 0.338281 0.070312 0.276562
1 0.558594 0.306250 0.039062 0.228125
1 0.589844 0.285156 0.073438 0.220312
9 0.650781 0.267969 0.129688 0.260937
0 0.737500 0.250781 0.131250 0.251563
3 0.822656 0.226562 0.117188 0.246875
7 0.907813 0.264062 0.059375 0.109375
10 0.886719 0.324219 0.017188 0.023438
6 0.314063 0.870313 0.200000 0.259375
2 0.444531 0.854688 0.182812 0.290625
10 0.510156 0.948438 0.057813 0.103125
0 0.503125 0.821875 0.071875 0.309375
7 0.908594 0.691406 0.170313 0.264062
9 0.959375 0.674219 0.081250 0.229687