5 0.227344 0.065625 0.123438 0.131250
3 0.335938 0.066406 0.121875 0.132812
10 0.396094 0.070312 0.039062 0.068750
0 0.432031 0.067187 0.126562 0.134375
0 0.526563 0.069531 0.121875 0.139063
4 0.953125 0.303125 0.093750 0.231250
6 0.177344 0.726562 0.151562 0.296875
6 0.303906 0.715625 0.182812 0.328125
10 0.379688 0.817969 0.037500 0.079687
5 0.435937 0.687500 0.153125 0.312500
4 0.567969 0.694531 0.157812 0.317188
6 0.724219 0.663281 0.089063 0.389062
6 0.762500 0.635938 0.165625 0.378125
10 0.866406 0.780469 0.029687 0.035937
0 0.925781 0.630469 0.148438 0.382812