5 0.189844 0.067187 0.148438 0.134375
3 0.295312 0.067969 0.146875 0.135937
10 0.366406 0.019531 0.045312 0.039062
0 0.360938 0.068750 0.096875 0.137500
0 0.462500 0.097656 0.106250 0.195312
3 0.539062 0.086719 0.137500 0.173437
4 0.630469 0.071875 0.135937 0.143750
0 0.717187 0.068750 0.143750 0.137500
1 0.816406 0.054688 0.107813 0.109375
10 0.867969 0.081250 0.032813 0.053125
6 0.892969 0.057031 0.135937 0.114062
1 0.037500 0.821094 0.075000 0.357812
2 0.051562 0.789844 0.103125 0.395313
5 0.050781 0.743750 0.101562 0.400000
10 0.009375 0.888281 0.018750 0.051562
0 0.085938 0.696875 0.171875 0.409375
0 0.264844 0.683594 0.264062 0.389062
6 0.764062 0.655469 0.134375 0.201563
8 0.852344 0.645312 0.117188 0.218750
10 0.902344 0.700000 0.048438 0.068750
0 0.935937 0.617188 0.125000 0.212500
0 0.989062 0.592187 0.021875 0.178125