1 0.276562 0.342187 0.056250 0.303125
2 0.388281 0.356250 0.110937 0.325000
6 0.521875 0.370312 0.118750 0.312500
10 0.582812 0.507812 0.031250 0.053125
0 0.667188 0.391406 0.121875 0.314063
0 0.760938 0.400000 0.037500 0.300000
5 0.833594 0.351562 0.107813 0.312500
7 0.943750 0.335156 0.112500 0.320312
10 0.982031 0.447656 0.035937 0.082812
7 0.342969 0.857031 0.095312 0.285938
7 0.478125 0.860938 0.084375 0.278125
10 0.522656 0.991406 0.017188 0.017188
0 0.591406 0.872656 0.101562 0.254688
0 0.724219 0.867188 0.101562 0.265625
5 0.895312 0.858594 0.209375 0.282813