1 0.019531 0.384375 0.039062 0.306250
2 0.032813 0.377344 0.065625 0.332813
6 0.045312 0.367188 0.090625 0.318750
10 0.104688 0.492188 0.034375 0.056250
0 0.168750 0.362500 0.143750 0.321875
0 0.310156 0.345313 0.154688 0.309375
1 0.567187 0.404687 0.115625 0.328125
8 0.668750 0.361719 0.162500 0.367188
10 0.745313 0.495312 0.059375 0.093750
0 0.808594 0.367188 0.176563 0.346875
1 0.942969 0.337500 0.114062 0.321875
8 0.047656 0.749219 0.095312 0.360938
0 0.076563 0.743750 0.153125 0.350000
10 0.153906 0.831250 0.060937 0.103125
0 0.221094 0.710156 0.170313 0.282813
0 0.345313 0.710156 0.128125 0.282813
5 0.455469 0.642188 0.092188 0.146875
5 0.521875 0.633594 0.093750 0.129688
0 0.615625 0.634375 0.106250 0.131250
0 0.698438 0.630469 0.106250 0.123438
10 0.575781 0.663281 0.032813 0.073438