4 0.204687 0.131250 0.215625 0.262500
3 0.363281 0.110156 0.185938 0.220312
10 0.425000 0.161719 0.050000 0.082812
0 0.446875 0.096875 0.106250 0.193750
5 0.550000 0.123438 0.100000 0.246875
3 0.544531 0.106250 0.089063 0.212500
8 0.627344 0.088281 0.167187 0.176563
10 0.707031 0.130469 0.039062 0.070312
1 0.786719 0.076563 0.167187 0.153125
3 0.381250 0.648438 0.206250 0.353125
6 0.241406 0.696875 0.214062 0.378125
9 0.470313 0.619531 0.059375 0.395313
10 0.476562 0.773438 0.046875 0.100000
0 0.546094 0.647656 0.092188 0.439063
1 0.560156 0.603125 0.120313 0.393750
1 0.725000 0.544531 0.140625 0.389062
10 0.803906 0.717969 0.098437 0.164062
0 0.880469 0.543750 0.239063 0.428125
0 0.971094 0.516406 0.057813 0.373437