4 0.300000 0.153906 0.184375 0.307812
3 0.451562 0.144531 0.134375 0.289062
10 0.502344 0.242188 0.032813 0.081250
4 0.553906 0.178125 0.070312 0.353125
2 0.577344 0.165625 0.117188 0.331250
10 0.640625 0.308594 0.059375 0.098437
0 0.726562 0.168750 0.171875 0.337500
2 0.888281 0.167969 0.145313 0.335938
0 0.117188 0.798438 0.090625 0.193750
1 0.210938 0.803906 0.084375 0.204687
4 0.039844 0.789062 0.079687 0.184375
5 0.025000 0.783594 0.050000 0.210938
10 0.069531 0.875000 0.032813 0.053125
6 0.734375 0.786719 0.137500 0.354687
2 0.897656 0.777344 0.148438 0.342187
10 0.972656 0.923438 0.054688 0.093750