8 0.066406 0.127344 0.132812 0.254688
0 0.169531 0.129688 0.298438 0.259375
0 0.371875 0.127344 0.306250 0.254688
0 0.538281 0.120313 0.223438 0.240625
10 0.216406 0.085938 0.095312 0.143750
2 0.750781 0.296094 0.198437 0.323437
3 0.876563 0.329688 0.184375 0.312500
6 0.952344 0.342969 0.095312 0.292187
5 0.088281 0.628906 0.160938 0.279687
8 0.217969 0.660156 0.154688 0.292187
9 0.344531 0.687500 0.142187 0.271875
10 0.358594 0.823438 0.054688 0.071875
1 0.492969 0.728125 0.120313 0.265625
0 0.688281 0.563281 0.076563 0.148438
0 0.688281 0.559375 0.076563 0.140625
0 0.726562 0.557813 0.146875 0.137500
2 0.825000 0.567969 0.137500 0.157812
6 0.914844 0.582031 0.132812 0.185938
3 0.974219 0.595313 0.051562 0.212500