8 0.060156 0.250781 0.120313 0.501563
0 0.097656 0.255469 0.195312 0.510938
0 0.331250 0.250781 0.259375 0.501563
0 0.495312 0.229687 0.068750 0.459375
10 0.182812 0.432812 0.084375 0.165625
10 0.716406 0.014063 0.029687 0.028125
4 0.785937 0.053125 0.103125 0.106250
0 0.586719 0.052344 0.110937 0.104688
2 0.557813 0.061719 0.056250 0.123438
7 0.682813 0.053906 0.087500 0.107813
8 0.213281 0.609375 0.151562 0.181250
6 0.376563 0.607812 0.128125 0.178125
10 0.443750 0.535937 0.028125 0.034375
3 0.602344 0.656250 0.145313 0.275000
9 0.821875 0.658594 0.159375 0.279687
10 0.913281 0.765625 0.060937 0.131250