6 0.351562 0.339844 0.153125 0.304688
2 0.438281 0.361719 0.060937 0.292187
6 0.689844 0.452344 0.114062 0.210938
6 0.777344 0.453125 0.132812 0.231250
10 0.790625 0.553125 0.031250 0.031250
0 0.860156 0.471094 0.110937 0.195312
0 0.940625 0.475781 0.118750 0.185938
1 0.034375 0.657031 0.068750 0.176563
0 0.042188 0.672656 0.084375 0.207813
0 0.146875 0.678125 0.153125 0.218750
0 0.258594 0.697656 0.154688 0.257812
6 0.053906 0.675781 0.107813 0.214062
10 0.060156 0.748437 0.054688 0.075000
5 0.707812 0.839063 0.162500 0.321875
7 0.849219 0.855469 0.132812 0.289062
10 0.866406 0.979688 0.029687 0.040625
9 0.946094 0.863281 0.107813 0.273438