6 0.290625 0.075781 0.096875 0.151562
5 0.648438 0.228906 0.150000 0.201563
3 0.756250 0.238281 0.150000 0.182812
0 0.853906 0.242969 0.154688 0.173437
0 0.936719 0.250000 0.126562 0.159375
1 0.035156 0.590625 0.070312 0.334375
7 0.056250 0.601562 0.112500 0.337500
7 0.175000 0.640625 0.165625 0.331250
0 0.269531 0.675000 0.139063 0.318750
10 0.189844 0.782813 0.035937 0.059375
1 0.432031 0.536719 0.185938 0.414062
6 0.575781 0.559375 0.323437 0.459375
10 0.633594 0.757812 0.117188 0.150000
0 0.817187 0.603906 0.365625 0.548438
0 0.946875 0.636719 0.106250 0.601562