1 0.028906 0.225781 0.057813 0.326562
9 0.080469 0.241406 0.145313 0.339062
9 0.220312 0.233594 0.128125 0.317188
10 0.281250 0.376563 0.037500 0.087500
0 0.371875 0.238281 0.131250 0.304688
0 0.486719 0.273438 0.085938 0.340625
3 0.766406 0.132812 0.142187 0.265625
7 0.942969 0.128906 0.110937 0.257812
10 0.968750 0.232031 0.046875 0.095312
0 0.021875 0.896875 0.043750 0.206250
1 0.008594 0.906250 0.017188 0.187500
4 0.020313 0.907031 0.040625 0.185938
9 0.035937 0.908594 0.071875 0.182812
5 0.119531 0.911719 0.079687 0.176563
8 0.189844 0.916406 0.076563 0.167187
0 0.264844 0.919531 0.076563 0.160938
6 0.693750 0.881250 0.115625 0.237500
0 0.817187 0.894531 0.115625 0.210938
0 0.943750 0.892188 0.112500 0.215625