2 0.097656 0.128906 0.185938 0.257812
1 0.250000 0.109375 0.128125 0.218750
10 0.317188 0.174219 0.056250 0.104688
0 0.331250 0.107031 0.096875 0.214062
6 0.565625 0.291406 0.256250 0.376563
6 0.907031 0.257031 0.185938 0.445312
3 0.739062 0.267969 0.203125 0.423438
10 0.840625 0.437500 0.084375 0.084375
3 0.039062 0.847656 0.078125 0.304688
7 0.033594 0.832812 0.067187 0.334375
0 0.110937 0.814844 0.187500 0.310937
1 0.267969 0.785937 0.117188 0.303125
10 0.048438 0.945312 0.046875 0.084375
2 0.510938 0.860938 0.168750 0.278125
2 0.658594 0.837500 0.142187 0.312500
6 0.788281 0.816406 0.160938 0.317188
10 0.882812 0.914844 0.062500 0.117188
0 0.929688 0.790625 0.140625 0.315625