2 0.068750 0.091406 0.137500 0.182812
2 0.060937 0.097656 0.121875 0.195312
2 0.144531 0.103906 0.223438 0.207813
10 0.249219 0.055469 0.082812 0.110937
6 0.316406 0.102344 0.242188 0.204687
0 0.451562 0.110937 0.234375 0.221875
2 0.628906 0.141406 0.120313 0.282813
0 0.626563 0.112500 0.115625 0.225000
3 0.708594 0.107031 0.214062 0.214062
10 0.810937 0.117969 0.050000 0.064062
0 0.878906 0.107813 0.232813 0.215625
5 0.216406 0.649219 0.117188 0.217188
9 0.297656 0.620313 0.123438 0.237500
10 0.354687 0.679688 0.025000 0.050000
0 0.388281 0.597656 0.110937 0.201563
1 0.478125 0.567969 0.100000 0.198437
5 0.771875 0.555469 0.312500 0.332813
9 0.913281 0.511719 0.173437 0.245312