2 0.046875 0.282813 0.093750 0.265625
2 0.051562 0.286719 0.100000 0.304688
2 0.146875 0.297656 0.115625 0.323437
10 0.204687 0.407813 0.050000 0.096875
6 0.285938 0.299219 0.134375 0.314063
0 0.382031 0.297656 0.095312 0.339062
5 0.512500 0.066406 0.118750 0.132812
6 0.628906 0.065625 0.101562 0.131250
0 0.734375 0.057813 0.103125 0.115625
0 0.839844 0.060156 0.104688 0.120313
10 0.676562 0.017188 0.050000 0.034375
2 0.025000 0.618750 0.050000 0.268750
0 0.029687 0.625781 0.059375 0.254688
1 0.129688 0.638281 0.034375 0.226562
5 0.190625 0.644531 0.075000 0.245312
10 0.225781 0.763281 0.010937 0.029687
8 0.275781 0.653125 0.089063 0.240625
0 0.449219 0.542188 0.039062 0.125000
0 0.449219 0.542969 0.039062 0.126562
0 0.767969 0.540625 0.076563 0.121875
8 0.516406 0.542969 0.076563 0.126562
3 0.606250 0.541406 0.068750 0.123438
9 0.685156 0.540625 0.070312 0.121875
10 0.724219 0.592969 0.010937 0.020313