4 0.142187 0.079687 0.134375 0.159375
8 0.281250 0.079687 0.134375 0.159375
5 0.398438 0.080469 0.112500 0.160938
0 0.522656 0.079687 0.114062 0.159375
10 0.466406 0.073438 0.039062 0.081250
2 0.878906 0.356250 0.189062 0.225000
0 0.207031 0.742188 0.148438 0.337500
1 0.088281 0.742188 0.098437 0.331250
1 0.379688 0.750781 0.090625 0.304688
0 0.494531 0.758594 0.132812 0.332813
10 0.559375 0.887500 0.040625 0.093750
0 0.960156 0.586719 0.079687 0.235937
5 0.858594 0.573438 0.085938 0.209375
4 0.765625 0.580469 0.093750 0.223438
10 0.916406 0.684375 0.042188 0.050000