4 0.078125 0.330469 0.156250 0.398438
6 0.066406 0.339844 0.132812 0.379688
0 0.124219 0.370312 0.248438 0.318750
0 0.309375 0.382031 0.256250 0.295312
6 0.922656 0.107031 0.154688 0.214062
6 0.976562 0.126562 0.046875 0.253125
0 0.100781 0.603125 0.148438 0.146875
0 0.214062 0.599219 0.146875 0.139063
0 0.321875 0.596875 0.140625 0.134375
2 0.412500 0.593750 0.112500 0.128125
10 0.859375 0.773438 0.062500 0.093750
10 0.817969 0.661719 0.182812 0.264062
0 0.930469 0.683594 0.139063 0.307812
2 0.683594 0.654687 0.201563 0.250000
2 0.555469 0.642969 0.173437 0.226562