1 0.257812 0.150000 0.103125 0.300000
5 0.380469 0.160938 0.145313 0.321875
3 0.520312 0.146875 0.096875 0.293750
4 0.613281 0.202344 0.089063 0.404687
2 0.700781 0.206250 0.164062 0.409375
5 0.871875 0.182031 0.137500 0.364063
10 0.946094 0.302344 0.045312 0.089063
0 0.973437 0.175000 0.053125 0.350000
2 0.050781 0.885938 0.092188 0.228125
2 0.197656 0.895312 0.107813 0.209375
0 0.353125 0.892969 0.125000 0.214062
0 0.500781 0.895312 0.129688 0.209375
1 0.612500 0.839063 0.087500 0.321875
7 0.767188 0.846875 0.143750 0.306250
6 0.915625 0.849219 0.162500 0.301563