6 0.158594 0.212500 0.198437 0.253125
6 0.335156 0.204687 0.173437 0.268750
0 0.453906 0.203906 0.110937 0.270313
3 0.880469 0.303906 0.095312 0.070312
3 0.096094 0.618750 0.110937 0.300000
6 0.224219 0.607031 0.107813 0.279687
5 0.357812 0.592969 0.106250 0.267188
10 0.428906 0.690625 0.029687 0.059375
0 0.471875 0.584375 0.075000 0.296875
0 0.553125 0.663281 0.087500 0.251563
0 0.632812 0.654687 0.121875 0.256250
10 0.690625 0.752344 0.059375 0.098437
0 0.746094 0.646094 0.135937 0.248438
1 0.875781 0.631250 0.110937 0.250000