6 0.176563 0.108594 0.187500 0.217188
6 0.353906 0.100000 0.160938 0.200000
10 0.423438 0.160156 0.053125 0.073438
0 0.498437 0.099219 0.150000 0.198437
0 0.642188 0.089063 0.156250 0.178125
3 0.854688 0.353906 0.125000 0.310937
5 0.977344 0.348438 0.045312 0.321875
2 0.260156 0.854688 0.114062 0.290625
3 0.408594 0.852344 0.117188 0.295312
2 0.546875 0.853906 0.115625 0.292187
10 0.611719 0.982031 0.020313 0.035937
0 0.689844 0.851562 0.120313 0.296875
2 0.793750 0.888281 0.087500 0.223438
0 0.935937 0.881250 0.128125 0.237500