10 0.313281 0.460156 0.070312 0.039062
0 0.395313 0.308594 0.187500 0.342187
0 0.538281 0.291406 0.142187 0.376563
8 0.214062 0.307031 0.203125 0.345313
2 0.068750 0.307812 0.137500 0.343750
6 0.669531 0.282031 0.120313 0.395313
7 0.670312 0.289062 0.121875 0.381250
0 0.845313 0.292187 0.228125 0.375000
0 0.050000 0.765625 0.100000 0.353125
0 0.436719 0.760938 0.139063 0.325000
1 0.158594 0.769531 0.104688 0.285938
1 0.251563 0.766406 0.087500 0.292187
9 0.337500 0.767188 0.128125 0.353125
3 0.535937 0.764844 0.112500 0.342187
10 0.596875 0.890625 0.025000 0.056250
7 0.600781 0.834375 0.017188 0.159375
1 0.740625 0.779687 0.121875 0.440625
8 0.909375 0.770312 0.181250 0.459375