10 0.325000 0.256250 0.081250 0.100000
0 0.327344 0.144531 0.104688 0.289062
8 0.212500 0.167187 0.256250 0.334375
2 0.082031 0.183594 0.164062 0.367188
10 0.903125 0.287500 0.100000 0.153125
0 0.928906 0.169531 0.142187 0.339062
4 0.790625 0.183594 0.256250 0.367188
4 0.602344 0.234375 0.298438 0.468750
5 0.037500 0.733594 0.075000 0.267188
8 0.053906 0.715625 0.107813 0.253125
10 0.103125 0.791406 0.040625 0.057813
0 0.155469 0.709375 0.148438 0.240625
1 0.286719 0.687500 0.123438 0.196875
3 0.685937 0.648438 0.106250 0.118750
8 0.780469 0.655469 0.132812 0.132812
10 0.849219 0.661719 0.023438 0.042188
0 0.892969 0.658594 0.139063 0.139063
0 0.971094 0.643750 0.057813 0.109375