2 0.035156 0.314063 0.070312 0.309375
2 0.130469 0.297656 0.139063 0.320312
0 0.263281 0.300000 0.148438 0.306250
10 0.342187 0.421094 0.050000 0.082812
1 0.417187 0.283594 0.065625 0.298438
7 0.828125 0.153906 0.078125 0.189062
0 0.960156 0.146875 0.079687 0.190625
8 0.887500 0.141406 0.096875 0.189062
10 0.933594 0.221094 0.032813 0.048438
1 0.227344 0.882812 0.064062 0.234375
7 0.332031 0.871094 0.107813 0.257812
7 0.428125 0.865625 0.043750 0.268750
5 0.502344 0.760156 0.104688 0.301563
2 0.530469 0.747656 0.160938 0.276562
10 0.616406 0.831250 0.085938 0.112500
0 0.683594 0.738281 0.189062 0.257812
0 0.845313 0.729688 0.203125 0.240625