2 0.250781 0.413281 0.157812 0.310937
2 0.400000 0.434375 0.156250 0.321875
0 0.528906 0.462500 0.160938 0.293750
10 0.577344 0.586719 0.054688 0.045312
5 0.685156 0.254688 0.110937 0.378125
0 0.772656 0.275000 0.189062 0.359375
10 0.823438 0.418750 0.065625 0.100000
8 0.914844 0.291406 0.170313 0.382812
10 0.221094 0.796875 0.051562 0.071875
7 0.071875 0.712500 0.143750 0.206250
0 0.171094 0.713281 0.157812 0.207813
0 0.293750 0.717969 0.168750 0.217188
0 0.407031 0.719531 0.142187 0.220312
6 0.859375 0.743750 0.206250 0.268750
8 0.959375 0.747656 0.081250 0.276562