7 0.041406 0.491406 0.082812 0.407813
1 0.251563 0.489844 0.062500 0.414062
10 0.296875 0.665625 0.037500 0.068750
0 0.403906 0.500000 0.154688 0.387500
1 0.655469 0.488281 0.092188 0.407813
5 0.882031 0.463281 0.092188 0.239063
7 0.985938 0.475000 0.028125 0.256250
0 0.107031 0.927344 0.085938 0.145313
8 0.200781 0.932813 0.079687 0.134375
7 0.299219 0.930469 0.073438 0.139063
2 0.390625 0.931250 0.090625 0.137500
4 0.490625 0.935937 0.081250 0.128125
3 0.586719 0.931250 0.089063 0.137500
10 0.871875 0.951562 0.031250 0.065625
10 0.838281 0.839063 0.039062 0.256250
2 0.847656 0.855469 0.057813 0.260937
0 0.935156 0.878906 0.101562 0.242188