7 0.056250 0.237500 0.112500 0.403125
1 0.285156 0.235937 0.048438 0.406250
10 0.338281 0.410938 0.035937 0.056250
0 0.437500 0.249219 0.143750 0.379688
2 0.588281 0.219531 0.098437 0.439063
7 0.578125 0.201563 0.078125 0.403125
10 0.553906 0.374219 0.029687 0.129688
0 0.599219 0.210938 0.120313 0.421875
1 0.792188 0.219531 0.134375 0.439063
3 0.372656 0.667188 0.079687 0.256250
6 0.463281 0.678125 0.076563 0.262500
1 0.003125 0.597656 0.006250 0.129688
8 0.009375 0.600781 0.018750 0.139063
5 0.556250 0.578906 0.034375 0.242188
5 0.646875 0.588281 0.068750 0.235937
0 0.752344 0.602344 0.076563 0.239063
1 0.883594 0.610938 0.029687 0.218750
10 0.689063 0.688281 0.018750 0.051562