0 0.110937 0.098437 0.131250 0.196875
2 0.038281 0.092188 0.076563 0.184375
2 0.249219 0.107813 0.170313 0.215625
10 0.156250 0.160938 0.056250 0.087500
5 0.041406 0.093750 0.082812 0.187500
2 0.607812 0.382812 0.078125 0.356250
5 0.603125 0.403906 0.068750 0.339062
5 0.727344 0.425781 0.114062 0.326562
0 0.864844 0.433594 0.132812 0.310937
10 0.771875 0.564844 0.028125 0.048438
3 0.064062 0.713281 0.128125 0.248438
7 0.207813 0.702344 0.187500 0.226562
10 0.279687 0.727344 0.075000 0.114062
0 0.395313 0.709375 0.203125 0.240625
2 0.614844 0.710156 0.092188 0.242188
8 0.706250 0.734375 0.156250 0.290625
6 0.867188 0.753125 0.153125 0.328125
6 0.969531 0.752344 0.060937 0.326562
10 0.771875 0.844531 0.050000 0.101562