5 0.039844 0.187500 0.079687 0.350000
8 0.126562 0.156250 0.146875 0.309375
10 0.207031 0.277344 0.051562 0.095312
0 0.282813 0.157031 0.187500 0.314063
1 0.453906 0.130469 0.145313 0.260937
7 0.654687 0.082031 0.071875 0.164062
2 0.653125 0.077344 0.068750 0.154688
2 0.718750 0.071094 0.131250 0.142187
5 0.658594 0.085156 0.079687 0.170313
0 0.797656 0.073438 0.123438 0.146875
10 0.760156 0.022656 0.039062 0.045312
1 0.028906 0.853125 0.057813 0.293750
4 0.083594 0.839844 0.167187 0.320312
8 0.241406 0.819531 0.198437 0.354687
10 0.331250 0.951562 0.053125 0.096875
0 0.398438 0.800000 0.184375 0.356250
0 0.538281 0.784375 0.160938 0.350000
1 0.649219 0.649219 0.060937 0.285938
9 0.656250 0.641406 0.075000 0.298438
5 0.669531 0.627344 0.101562 0.285938
10 0.723437 0.735938 0.053125 0.087500
0 0.771094 0.627344 0.160938 0.298438
0 0.896875 0.612500 0.171875 0.337500