1 0.050781 0.448437 0.101562 0.315625
4 0.153125 0.421094 0.165625 0.314063
3 0.292187 0.386719 0.146875 0.304688
10 0.378906 0.507812 0.067187 0.087500
0 0.420312 0.370312 0.159375 0.325000
10 0.678125 0.393750 0.059375 0.093750
10 0.587500 0.268750 0.171875 0.340625
0 0.728125 0.250000 0.181250 0.362500
0 0.876563 0.220312 0.190625 0.343750
2 0.546875 0.295312 0.093750 0.356250
2 0.550781 0.326562 0.101562 0.353125
5 0.068750 0.889844 0.137500 0.220312
0 0.070312 0.889844 0.140625 0.220312
10 0.063281 0.854688 0.092188 0.150000
0 0.142187 0.889844 0.284375 0.220312
0 0.353125 0.889844 0.287500 0.220312
6 0.545312 0.877344 0.090625 0.195312
4 0.546875 0.867188 0.093750 0.175000
0 0.633594 0.857812 0.154688 0.156250
1 0.775000 0.859375 0.134375 0.159375
10 0.592969 0.888281 0.060937 0.104688