1 0.037500 0.189844 0.075000 0.279687
4 0.130469 0.195312 0.167187 0.268750
3 0.272656 0.203906 0.148438 0.251563
0 0.399219 0.211719 0.160938 0.235937
0 0.656250 0.055469 0.115625 0.110937
0 0.740625 0.060937 0.106250 0.121875
2 0.825781 0.067969 0.101562 0.135937
5 0.902344 0.071094 0.095312 0.142187
9 0.971094 0.071875 0.057813 0.143750
7 0.299219 0.668750 0.226562 0.412500
7 0.435937 0.710938 0.146875 0.434375
10 0.478125 0.877344 0.062500 0.142187
2 0.589844 0.540625 0.160938 0.281250
5 0.692969 0.556250 0.142187 0.284375
10 0.716406 0.654687 0.042188 0.078125
0 0.801562 0.564063 0.146875 0.268750
0 0.903906 0.587500 0.142187 0.265625