1 0.107813 0.070312 0.168750 0.140625
6 0.239844 0.074219 0.145313 0.148438
10 0.278906 0.044531 0.057813 0.089063
0 0.365625 0.071094 0.146875 0.142187
0 0.460938 0.072656 0.096875 0.145313
2 0.576562 0.078906 0.134375 0.157812
7 0.826562 0.100781 0.121875 0.201563
10 0.860156 0.155469 0.045312 0.079687
0 0.932813 0.110937 0.134375 0.221875
0 0.700000 0.081250 0.153125 0.162500
2 0.198437 0.621875 0.190625 0.443750
9 0.394531 0.653906 0.179688 0.423438
6 0.665625 0.509375 0.181250 0.362500
8 0.814844 0.523438 0.170313 0.396875
10 0.857031 0.672656 0.067187 0.110937
0 0.932031 0.557813 0.135937 0.384375