1 0.167187 0.367188 0.200000 0.084375
6 0.299219 0.351562 0.179688 0.115625
0 0.417969 0.334375 0.179688 0.150000
0 0.519531 0.322656 0.139063 0.173437
1 0.626563 0.253125 0.075000 0.312500
7 0.667188 0.225000 0.156250 0.334375
8 0.772656 0.206250 0.204687 0.346875
10 0.886719 0.317969 0.048438 0.073438
0 0.918750 0.164844 0.162500 0.329688
0 0.051562 0.754687 0.103125 0.356250
0 0.048438 0.723437 0.096875 0.365625
0 0.115625 0.718750 0.193750 0.359375
6 0.211719 0.694531 0.182812 0.339062
8 0.319531 0.680469 0.185938 0.332813
0 0.410938 0.654687 0.175000 0.315625
10 0.503125 0.769531 0.040625 0.057813
4 0.507031 0.641406 0.164062 0.298438
5 0.660937 0.771875 0.143750 0.306250
4 0.792188 0.742969 0.162500 0.301563
0 0.920312 0.714063 0.159375 0.296875
10 0.878125 0.839063 0.034375 0.059375