4 0.133594 0.126562 0.260937 0.253125
4 0.273438 0.143750 0.212500 0.287500
10 0.296094 0.262500 0.079687 0.106250
0 0.407813 0.167969 0.231250 0.335938
0 0.532813 0.179688 0.212500 0.359375
5 0.699219 0.282031 0.120313 0.154688
7 0.778125 0.314063 0.178125 0.090625
7 0.366406 0.560937 0.154688 0.262500
3 0.455469 0.577344 0.151562 0.279687
10 0.474219 0.703906 0.045312 0.057813
0 0.556250 0.621094 0.165625 0.285938
2 0.610938 0.642188 0.056250 0.284375
0 0.685156 0.573438 0.092188 0.334375
1 0.797656 0.603125 0.110937 0.293750
0 0.879687 0.623437 0.175000 0.315625
5 0.957812 0.642188 0.084375 0.306250