4 0.325000 0.194531 0.212500 0.373437
4 0.462500 0.218750 0.153125 0.356250
10 0.510156 0.368750 0.057813 0.100000
2 0.617969 0.143750 0.145313 0.287500
5 0.725000 0.142187 0.140625 0.284375
6 0.843750 0.145313 0.118750 0.275000
10 0.881250 0.254688 0.037500 0.062500
0 0.942969 0.163281 0.114062 0.276562
1 0.248438 0.570312 0.131250 0.140625
1 0.486719 0.604688 0.104688 0.209375
9 0.357812 0.579688 0.143750 0.159375
10 0.522656 0.665625 0.032813 0.081250
2 0.685937 0.575000 0.178125 0.150000
2 0.828125 0.571875 0.115625 0.143750
0 0.922656 0.572656 0.151562 0.145313
10 0.959375 0.553125 0.053125 0.103125