2 0.078906 0.308594 0.157812 0.201563
3 0.210156 0.327344 0.189062 0.164062
1 0.363281 0.343750 0.145313 0.131250
0 0.471094 0.363281 0.192188 0.092188
2 0.664062 0.204687 0.150000 0.409375
7 0.655469 0.204687 0.132812 0.409375
5 0.742969 0.214844 0.251563 0.389062
10 0.801562 0.378125 0.075000 0.062500
0 0.902344 0.221094 0.195312 0.376563
7 0.361719 0.727344 0.192188 0.339062
7 0.467969 0.752344 0.170313 0.342187
10 0.484375 0.908594 0.065625 0.117188
0 0.539844 0.815625 0.098437 0.337500
1 0.639062 0.761719 0.100000 0.395313
7 0.734375 0.773438 0.184375 0.368750
5 0.875000 0.807031 0.168750 0.342187
10 0.910937 0.955469 0.065625 0.089063
0 0.958594 0.828125 0.082812 0.343750