5 0.121875 0.309375 0.143750 0.293750
8 0.245312 0.330469 0.109375 0.323437
10 0.293750 0.407031 0.012500 0.098437
5 0.491406 0.221875 0.198437 0.415625
3 0.657813 0.194531 0.128125 0.339062
10 0.715625 0.328906 0.050000 0.107813
0 0.808594 0.198437 0.154688 0.365625
1 0.960156 0.173437 0.079687 0.293750
4 0.039062 0.689063 0.078125 0.200000
1 0.200000 0.687500 0.034375 0.196875
0 0.275781 0.683594 0.048438 0.189062
10 0.232813 0.747656 0.031250 0.051562
7 0.427344 0.890625 0.085938 0.218750
4 0.556250 0.894531 0.090625 0.210938
0 0.692969 0.891406 0.104688 0.217188
0 0.832031 0.889844 0.095312 0.220312