5 0.041406 0.188281 0.082812 0.160938
8 0.122656 0.197656 0.148438 0.142187
0 0.242969 0.193750 0.154688 0.150000
0 0.357812 0.196875 0.150000 0.143750
5 0.874219 0.184375 0.164062 0.168750
8 0.969531 0.171875 0.060937 0.193750
2 0.039844 0.621875 0.079687 0.365625
7 0.037500 0.661719 0.075000 0.354687
5 0.094531 0.660156 0.139063 0.323437
10 0.153906 0.803125 0.060937 0.118750
0 0.249219 0.668750 0.167187 0.356250
0 0.404687 0.694531 0.184375 0.367188
1 0.845313 0.616406 0.043750 0.267188
9 0.942969 0.617188 0.104688 0.278125