1 0.032813 0.113281 0.065625 0.226562
9 0.098437 0.101562 0.196875 0.203125
8 0.251563 0.107031 0.203125 0.214062
10 0.343750 0.129688 0.046875 0.093750
6 0.385156 0.104688 0.107813 0.209375
4 0.492188 0.315625 0.106250 0.168750
3 0.616406 0.299219 0.114062 0.201563
0 0.735938 0.285156 0.131250 0.229687
0 0.859375 0.279687 0.118750 0.240625
0 0.128125 0.615625 0.256250 0.431250
0 0.328125 0.603125 0.221875 0.406250
0 0.073438 0.636719 0.146875 0.473438
10 0.023438 0.787500 0.046875 0.150000
6 0.077344 0.664844 0.154688 0.529687
1 0.747656 0.593750 0.157812 0.381250
4 0.968750 0.582031 0.062500 0.364063
9 0.875781 0.592969 0.173437 0.382812