10 0.571094 0.128125 0.017188 0.059375
0 0.456250 0.066406 0.125000 0.132812
2 0.346094 0.067969 0.129688 0.135937
7 0.540625 0.075000 0.078125 0.150000
1 0.861719 0.225000 0.098437 0.293750
9 0.946094 0.232031 0.107813 0.295312
0 0.035937 0.648438 0.071875 0.237500
1 0.137500 0.639844 0.128125 0.220312
1 0.332031 0.638281 0.107813 0.217188
10 0.358594 0.742969 0.082812 0.160938
0 0.482031 0.670312 0.195312 0.281250
1 0.909375 0.750781 0.081250 0.232813
1 0.797656 0.742969 0.107813 0.257812
3 0.966406 0.764844 0.067187 0.251563