10 0.131250 0.200000 0.040625 0.062500
4 0.207031 0.131250 0.123438 0.228125
0 0.047656 0.096875 0.095312 0.193750
2 0.039062 0.091406 0.078125 0.182812
7 0.114062 0.110937 0.125000 0.221875
10 0.600000 0.471094 0.065625 0.035937
0 0.731250 0.319531 0.243750 0.339062
0 0.892969 0.344531 0.214062 0.289062
4 0.540625 0.300781 0.256250 0.376563
5 0.382031 0.272656 0.226562 0.432812
5 0.064844 0.734375 0.129688 0.475000
7 0.095312 0.762500 0.190625 0.459375
0 0.202344 0.793750 0.132812 0.412500
10 0.119531 0.946094 0.070312 0.107813
4 0.496094 0.887500 0.123438 0.225000
6 0.600781 0.900000 0.126562 0.200000
6 0.713281 0.907813 0.154688 0.184375
1 0.860156 0.927344 0.142187 0.145313