5 0.165625 0.148438 0.128125 0.296875
0 0.313281 0.153906 0.192188 0.307812
3 0.499219 0.173437 0.182812 0.346875
10 0.584375 0.296094 0.065625 0.114062
0 0.678125 0.256250 0.078125 0.346875
0 0.773438 0.271875 0.134375 0.315625
1 0.664062 0.267188 0.050000 0.284375
1 0.659375 0.268750 0.040625 0.290625
9 0.687500 0.264062 0.096875 0.331250
3 0.872656 0.271094 0.107813 0.317188
10 0.923438 0.405469 0.025000 0.048438
7 0.957812 0.353906 0.065625 0.151562
10 0.323437 0.768750 0.037500 0.065625
0 0.494531 0.682031 0.132812 0.264062
0 0.380469 0.685156 0.114062 0.273438
6 0.267969 0.666406 0.104688 0.254688
2 0.165625 0.659375 0.118750 0.284375
2 0.055469 0.653906 0.104688 0.267188
4 0.675781 0.790625 0.073438 0.318750
9 0.682813 0.789062 0.087500 0.328125
10 0.735156 0.929688 0.064062 0.100000
0 0.812500 0.796094 0.143750 0.320312