5 0.031250 0.081250 0.062500 0.162500
0 0.048438 0.089844 0.096875 0.179688
3 0.152344 0.114844 0.170313 0.229687
7 0.312500 0.129688 0.162500 0.259375
1 0.461719 0.151562 0.154688 0.303125
10 0.202344 0.192969 0.060937 0.095312
0 0.741406 0.072656 0.098437 0.145313
0 0.818750 0.077344 0.106250 0.154688
5 0.667188 0.053125 0.075000 0.106250
4 0.653906 0.051562 0.048438 0.103125
10 0.688281 0.115625 0.035937 0.043750
10 0.385156 0.859375 0.042188 0.075000
6 0.451562 0.789844 0.118750 0.235937
8 0.545312 0.771875 0.128125 0.218750
3 0.351562 0.766406 0.121875 0.251563
4 0.258594 0.750000 0.126562 0.231250
0 0.695312 0.885938 0.131250 0.228125
2 0.801562 0.901563 0.125000 0.196875
9 0.903906 0.910937 0.129688 0.178125
3 0.971875 0.918750 0.056250 0.162500