5 0.060156 0.152344 0.120313 0.267188
1 0.181250 0.127344 0.118750 0.254688
10 0.243750 0.221094 0.059375 0.092188
0 0.267969 0.127344 0.164062 0.254688
0 0.380469 0.112500 0.148438 0.225000
5 0.551562 0.069531 0.084375 0.139063
2 0.647656 0.065625 0.151562 0.131250
0 0.769531 0.070312 0.160938 0.140625
1 0.917188 0.062500 0.106250 0.125000
10 0.729688 0.008594 0.021875 0.017188
2 0.078125 0.675000 0.156250 0.518750
3 0.066406 0.627344 0.132812 0.495312
10 0.125781 0.777344 0.089063 0.129688
0 0.182031 0.571875 0.273438 0.475000
0 0.371094 0.542188 0.276562 0.446875
7 0.804688 0.671094 0.196875 0.357812
7 0.924219 0.625781 0.151562 0.310937