5 0.104688 0.272656 0.109375 0.210938
1 0.220312 0.263281 0.071875 0.214062
10 0.256250 0.348438 0.040625 0.071875
0 0.289844 0.269531 0.107813 0.220312
0 0.381250 0.262500 0.096875 0.209375
2 0.555469 0.058594 0.117188 0.117188
1 0.661719 0.053906 0.079687 0.107813
3 0.741406 0.047656 0.089063 0.095312
10 0.786719 0.014063 0.026562 0.028125
0 0.837500 0.056250 0.125000 0.112500
1 0.943750 0.058594 0.093750 0.117188
4 0.306250 0.544531 0.109375 0.110937
1 0.443750 0.546875 0.068750 0.115625
10 0.474219 0.569531 0.010937 0.032813
3 0.884375 0.575781 0.128125 0.173437
9 0.956250 0.571094 0.087500 0.164062