2 0.061719 0.204687 0.123438 0.409375
2 0.060937 0.209375 0.121875 0.418750
10 0.067969 0.380469 0.073438 0.076563
0 0.202344 0.218750 0.285938 0.400000
0 0.068750 0.209375 0.137500 0.418750
0 0.508594 0.197656 0.117188 0.392188
0 0.580469 0.234375 0.173437 0.343750
0 0.694531 0.249219 0.170313 0.339062
0 0.958594 0.284375 0.082812 0.268750
5 0.800000 0.263281 0.162500 0.310937
3 0.897656 0.280469 0.148438 0.276562
10 0.114062 0.760156 0.031250 0.045312
0 0.151562 0.714063 0.075000 0.137500
0 0.210156 0.727344 0.089063 0.167187
3 0.092188 0.710938 0.081250 0.153125
1 0.479687 0.612500 0.059375 0.321875
6 0.558594 0.640625 0.192188 0.368750
7 0.740625 0.678906 0.150000 0.342187
10 0.771094 0.845313 0.057813 0.100000
0 0.879687 0.721875 0.193750 0.375000
0 0.971875 0.762500 0.056250 0.365625