2 0.099219 0.154688 0.198437 0.309375
2 0.468750 0.154688 0.225000 0.309375
10 0.534375 0.285938 0.068750 0.046875
0 0.582812 0.154688 0.093750 0.309375
0 0.284375 0.154688 0.259375 0.309375
3 0.694531 0.087500 0.129688 0.175000
6 0.679688 0.093750 0.100000 0.187500
9 0.823438 0.098437 0.181250 0.196875
10 0.721875 0.090625 0.059375 0.100000
7 0.946875 0.090625 0.106250 0.181250
10 0.378906 0.728125 0.051562 0.071875
7 0.221094 0.575000 0.164062 0.346875
0 0.333594 0.592969 0.151562 0.310937
0 0.454688 0.607031 0.162500 0.301563
0 0.564844 0.617969 0.129688 0.289062
7 0.953906 0.489063 0.092188 0.215625
5 0.886719 0.481250 0.114062 0.203125
10 0.983594 0.567969 0.032813 0.045312