4 0.044531 0.117969 0.089063 0.235937
4 0.233594 0.134375 0.176563 0.268750
5 0.043750 0.096094 0.087500 0.192188
0 0.108594 0.134375 0.176563 0.268750
10 0.025781 0.193750 0.051562 0.087500
1 0.946094 0.291406 0.107813 0.267188
10 0.775781 0.342969 0.054688 0.067187
4 0.639062 0.219531 0.175000 0.289062
0 0.747656 0.240625 0.145313 0.259375
0 0.849219 0.276562 0.160938 0.278125
2 0.046094 0.599219 0.092188 0.160938
4 0.046094 0.607031 0.092188 0.176563
10 0.012500 0.660156 0.025000 0.095312
0 0.058594 0.625781 0.117188 0.214062
0 0.155469 0.628125 0.176563 0.218750
0 0.453906 0.857812 0.107813 0.284375
0 0.650000 0.921094 0.190625 0.157812
1 0.437500 0.896875 0.075000 0.206250
1 0.470313 0.907031 0.134375 0.185938
9 0.553125 0.903125 0.184375 0.193750
3 0.745313 0.932813 0.168750 0.134375