4 0.352344 0.199219 0.145313 0.398438
5 0.185938 0.205469 0.150000 0.364063
0 0.453906 0.213281 0.051562 0.373437
10 0.419531 0.341406 0.054688 0.101562
4 0.517188 0.173437 0.075000 0.346875
1 0.492188 0.170313 0.025000 0.340625
6 0.568750 0.167187 0.140625 0.334375
10 0.652344 0.334375 0.051562 0.100000
0 0.764844 0.173437 0.148438 0.346875
0 0.928125 0.176563 0.143750 0.353125
2 0.080469 0.635938 0.151562 0.212500
1 0.225000 0.639844 0.118750 0.220312
5 0.353125 0.640625 0.131250 0.221875
10 0.412500 0.704688 0.056250 0.075000
0 0.611719 0.842187 0.192188 0.315625
1 0.825781 0.846094 0.132812 0.307812
5 0.527344 0.847656 0.095312 0.304688
9 0.535937 0.855469 0.112500 0.289062