4 0.033594 0.073438 0.067187 0.146875
1 0.085938 0.068750 0.053125 0.137500
6 0.194531 0.070312 0.123438 0.140625
10 0.251563 0.124219 0.043750 0.082812
0 0.336719 0.075781 0.104688 0.151562
7 0.692187 0.192969 0.093750 0.189062
7 0.771875 0.210156 0.075000 0.179688
10 0.787500 0.268750 0.031250 0.065625
0 0.836719 0.222656 0.076563 0.182812
2 0.903125 0.226562 0.081250 0.168750
5 0.034375 0.396875 0.068750 0.156250
3 0.026562 0.399219 0.053125 0.160938
8 0.027344 0.400000 0.054688 0.162500
10 0.006250 0.460938 0.012500 0.056250
1 0.042188 0.410156 0.084375 0.182812
0 0.432812 0.608594 0.087500 0.220312
0 0.522656 0.622656 0.082812 0.217188
5 0.609375 0.634375 0.075000 0.209375
2 0.690625 0.642188 0.071875 0.206250
4 0.773438 0.653125 0.075000 0.181250
3 0.857031 0.665625 0.067187 0.200000
10 0.886719 0.755469 0.014063 0.020313
4 0.932813 0.670312 0.075000 0.184375