4 0.038281 0.194531 0.076563 0.360938
1 0.110937 0.190625 0.053125 0.343750
6 0.245312 0.181250 0.140625 0.343750
10 0.338281 0.343750 0.051562 0.090625
0 0.441406 0.180469 0.151562 0.360938
0 0.550000 0.182031 0.037500 0.364063
1 0.592187 0.107031 0.046875 0.214062
7 0.599219 0.100000 0.060937 0.200000
3 0.689844 0.114062 0.139063 0.228125
10 0.768750 0.179688 0.062500 0.081250
0 0.872656 0.101562 0.167187 0.203125
1 0.028125 0.825781 0.056250 0.348438
4 0.042969 0.807813 0.085938 0.321875
7 0.153906 0.817187 0.126562 0.353125
0 0.300000 0.809375 0.140625 0.331250
0 0.436719 0.806250 0.142187 0.331250
10 0.228125 0.945312 0.050000 0.084375
10 0.586719 0.892188 0.035937 0.068750
7 0.600781 0.774219 0.064062 0.335938
0 0.598437 0.768750 0.059375 0.303125
0 0.633594 0.757812 0.129688 0.290625
0 0.746875 0.747656 0.106250 0.279687