10 0.496875 0.361719 0.043750 0.070312
8 0.328125 0.231250 0.168750 0.278125
0 0.576562 0.257812 0.162500 0.287500
0 0.454688 0.243750 0.146875 0.284375
0 0.833594 0.344531 0.157812 0.148438
0 0.729688 0.337500 0.121875 0.162500
6 0.700000 0.325781 0.062500 0.185938
2 0.704688 0.309375 0.071875 0.218750
2 0.700781 0.303906 0.064062 0.229687
7 0.250000 0.578906 0.190625 0.320312
0 0.393750 0.562500 0.187500 0.287500
0 0.549219 0.574219 0.182812 0.310937
0 0.638281 0.610938 0.060937 0.384375
10 0.448437 0.685937 0.078125 0.096875
0 0.843750 0.758594 0.084375 0.179688
6 0.721875 0.720313 0.078125 0.153125
1 0.787500 0.743750 0.059375 0.153125
1 0.919531 0.770312 0.070312 0.150000
10 0.803125 0.804688 0.021875 0.046875