1 0.418750 0.228906 0.137500 0.298438
10 0.195312 0.321875 0.043750 0.071875
8 0.058594 0.192969 0.117188 0.285938
0 0.278906 0.217188 0.164062 0.293750
0 0.158594 0.203906 0.148438 0.289062
7 0.639844 0.292969 0.120313 0.473438
6 0.639062 0.305469 0.118750 0.448437
10 0.605469 0.485938 0.051562 0.087500
0 0.713281 0.308594 0.267188 0.442188
0 0.901563 0.318750 0.196875 0.421875
4 0.115625 0.620313 0.178125 0.181250
9 0.243750 0.628906 0.156250 0.198437
10 0.289844 0.705469 0.073438 0.104688
0 0.388281 0.637500 0.173437 0.215625
1 0.632812 0.670312 0.106250 0.281250
8 0.652344 0.678906 0.145313 0.298438
0 0.663281 0.679688 0.167187 0.300000
0 0.834375 0.682813 0.306250 0.306250
10 0.606250 0.713281 0.053125 0.195312