4 0.021875 0.453125 0.043750 0.131250
6 0.057031 0.450781 0.089063 0.135937
6 0.171875 0.444531 0.115625 0.148438
0 0.376563 0.240625 0.087500 0.215625
0 0.463281 0.237500 0.079687 0.206250
2 0.548438 0.232813 0.075000 0.209375
5 0.626563 0.227344 0.068750 0.204687
9 0.710938 0.215625 0.065625 0.193750
0 0.781250 0.213281 0.068750 0.192188
4 0.860938 0.206250 0.062500 0.184375
10 0.822656 0.292187 0.010937 0.025000
8 0.216406 0.664062 0.104688 0.290625
2 0.091406 0.665625 0.182812 0.293750
1 0.295312 0.625781 0.053125 0.214062
1 0.943750 0.621875 0.112500 0.206250
7 0.603125 0.612500 0.159375 0.187500
3 0.425000 0.628125 0.171875 0.218750
0 0.776563 0.617969 0.190625 0.198437
10 0.683594 0.674219 0.057813 0.101562