4 0.071094 0.135937 0.142187 0.271875
6 0.200781 0.148438 0.139063 0.296875
10 0.247656 0.269531 0.064062 0.117188
0 0.353906 0.164844 0.173437 0.329688
4 0.714063 0.285938 0.109375 0.387500
3 0.757031 0.293750 0.195312 0.371875
10 0.805469 0.454688 0.089063 0.050000
0 0.906250 0.308594 0.187500 0.342187
4 0.335938 0.550781 0.128125 0.142187
6 0.444531 0.551562 0.132812 0.143750
10 0.491406 0.550000 0.064062 0.100000
0 0.567969 0.561719 0.142187 0.164062
6 0.710156 0.910937 0.101562 0.178125
1 0.864844 0.927344 0.092188 0.145313
9 0.957812 0.933594 0.084375 0.132812