4 0.173437 0.117969 0.171875 0.235937
6 0.294531 0.107813 0.129688 0.215625
3 0.427344 0.135937 0.135937 0.271875
3 0.483594 0.110156 0.217188 0.220312
10 0.596094 0.150000 0.089063 0.121875
0 0.668750 0.111719 0.262500 0.223438
0 0.857812 0.120313 0.259375 0.240625
5 0.258594 0.654687 0.164062 0.343750
4 0.333594 0.622656 0.051562 0.292187
3 0.410156 0.574219 0.101562 0.335938
5 0.511719 0.558594 0.182812 0.317188
3 0.626563 0.532031 0.146875 0.276562
10 0.702344 0.628906 0.048438 0.076563
3 0.764844 0.503125 0.164062 0.287500