2 0.093750 0.150781 0.187500 0.301563
0 0.228125 0.117969 0.215625 0.235937
8 0.382031 0.094531 0.214062 0.189062
10 0.491406 0.124219 0.079687 0.120313
0 0.487500 0.092188 0.125000 0.184375
3 0.578906 0.139063 0.057813 0.240625
8 0.640625 0.128125 0.143750 0.256250
10 0.721875 0.231250 0.025000 0.043750
0 0.750781 0.125781 0.151562 0.251563
0 0.856250 0.107031 0.121875 0.214062
5 0.076563 0.742188 0.153125 0.515625
0 0.078906 0.724219 0.157812 0.510938
10 0.090625 0.910156 0.103125 0.151562
0 0.154688 0.708594 0.309375 0.479687
0 0.357031 0.692187 0.323437 0.446875
4 0.601562 0.698438 0.103125 0.381250
1 0.607812 0.656250 0.115625 0.343750
6 0.731250 0.638281 0.212500 0.339062
10 0.860938 0.777344 0.071875 0.107813
0 0.904687 0.626563 0.190625 0.315625