2 0.086719 0.347656 0.173437 0.376563
0 0.253125 0.315625 0.159375 0.356250
8 0.412500 0.292969 0.159375 0.342187
10 0.499219 0.417187 0.060937 0.112500
0 0.548438 0.283594 0.121875 0.348438
4 0.721875 0.303906 0.159375 0.323437
9 0.850781 0.288281 0.132812 0.332813
10 0.930469 0.420312 0.067187 0.100000
0 0.960156 0.276562 0.079687 0.325000
2 0.079687 0.909375 0.159375 0.181250
7 0.236719 0.900781 0.198437 0.198437
0 0.463281 0.865625 0.239063 0.268750
1 0.650000 0.814063 0.081250 0.362500
1 0.689063 0.775781 0.153125 0.392188
7 0.832031 0.790625 0.139063 0.400000
0 0.953125 0.760156 0.093750 0.357812
10 0.907813 0.917969 0.078125 0.104688