3 0.208594 0.175781 0.185938 0.351562
1 0.401562 0.202344 0.125000 0.357812
10 0.407031 0.348438 0.064062 0.106250
0 0.482812 0.239063 0.134375 0.390625
5 0.934375 0.128906 0.131250 0.257812
1 0.039062 0.745313 0.078125 0.212500
1 0.460156 0.801562 0.179688 0.325000
0 0.242188 0.776563 0.215625 0.275000
0 0.083594 0.764844 0.167187 0.251563
4 0.052344 0.751563 0.104688 0.225000
10 0.116406 0.846875 0.082812 0.118750
0 0.949219 0.721875 0.101562 0.165625
1 0.803906 0.697656 0.101562 0.117188
1 0.693750 0.703906 0.128125 0.129688
3 0.876563 0.704688 0.118750 0.131250
10 0.900000 0.750000 0.050000 0.065625