3 0.077344 0.249219 0.148438 0.307812
6 0.208594 0.230469 0.145313 0.301563
10 0.289844 0.346875 0.039062 0.059375
0 0.356250 0.200781 0.165625 0.295312
6 0.732812 0.115625 0.162500 0.231250
8 0.886719 0.103906 0.151562 0.207813
10 0.963281 0.167969 0.026562 0.045312
6 0.061719 0.817969 0.123438 0.198437
8 0.148438 0.815625 0.109375 0.215625
10 0.193750 0.872656 0.043750 0.067187
0 0.234375 0.792969 0.115625 0.210938
0 0.329688 0.775781 0.093750 0.176563
5 0.533594 0.624219 0.148438 0.304688
5 0.671875 0.598437 0.140625 0.293750
10 0.739062 0.698438 0.028125 0.046875
0 0.812500 0.579688 0.165625 0.300000
0 0.934375 0.570312 0.131250 0.281250