1 0.104688 0.260937 0.115625 0.178125
0 0.201563 0.268750 0.168750 0.162500
0 0.338281 0.272656 0.157812 0.154688
0 0.477344 0.288281 0.154688 0.123438
5 0.660937 0.064062 0.106250 0.128125
0 0.735156 0.076563 0.120313 0.153125
10 0.763281 0.111719 0.042188 0.082812
0 0.822656 0.080469 0.129688 0.160938
0 0.916406 0.093750 0.126562 0.187500
2 0.153906 0.742188 0.195312 0.359375
1 0.314063 0.758594 0.150000 0.329688
2 0.407031 0.751563 0.148438 0.315625
10 0.444531 0.868750 0.060937 0.087500
0 0.517969 0.753125 0.142187 0.315625
4 0.729688 0.679688 0.215625 0.396875
5 0.900000 0.699219 0.200000 0.401562
10 0.949219 0.869531 0.060937 0.107813