8 0.246094 0.263281 0.167187 0.526563
1 0.551562 0.136719 0.059375 0.273438
8 0.658594 0.149219 0.123438 0.298438
4 0.796875 0.162500 0.106250 0.287500
0 0.929688 0.180469 0.121875 0.289062
10 0.842187 0.297656 0.031250 0.051562
3 0.013281 0.608594 0.026562 0.079687
6 0.012500 0.607031 0.025000 0.076563
8 0.013281 0.604688 0.026562 0.071875
4 0.012500 0.599219 0.025000 0.060937
2 0.155469 0.636719 0.114062 0.135937
0 0.250000 0.636719 0.112500 0.135937
5 0.308594 0.639062 0.042188 0.140625
5 0.432812 0.667969 0.165625 0.198437
9 0.582031 0.657813 0.145313 0.178125
10 0.645312 0.641406 0.059375 0.142187
0 0.742188 0.664062 0.178125 0.190625
0 0.893750 0.658594 0.156250 0.179688