1 0.242188 0.107031 0.153125 0.214062
0 0.339062 0.119531 0.203125 0.239063
0 0.474219 0.134375 0.195312 0.268750
10 0.501563 0.231250 0.053125 0.068750
0 0.568750 0.136719 0.100000 0.273438
7 0.117969 0.689063 0.235937 0.378125
2 0.268750 0.700000 0.328125 0.400000
10 0.322656 0.861719 0.101562 0.139063
0 0.464062 0.746875 0.309375 0.493750
7 0.660156 0.778906 0.082812 0.323437
3 0.674219 0.816406 0.110937 0.320312
10 0.679688 0.953125 0.037500 0.050000
0 0.786719 0.837500 0.189062 0.325000
0 0.915625 0.856250 0.168750 0.287500