8 0.231250 0.149219 0.271875 0.298438
9 0.380469 0.142187 0.157812 0.284375
8 0.874219 0.203125 0.129688 0.243750
2 0.955469 0.210156 0.089063 0.239063
10 0.988281 0.290625 0.023438 0.062500
7 0.121875 0.748437 0.137500 0.315625
6 0.221094 0.781250 0.132812 0.281250
10 0.272656 0.897656 0.045312 0.079687
0 0.350000 0.778906 0.146875 0.285938
0 0.428906 0.820312 0.060937 0.290625
3 0.521094 0.811719 0.123438 0.376563
3 0.612500 0.814844 0.190625 0.370312
10 0.676562 0.975781 0.081250 0.048438
0 0.801562 0.821094 0.237500 0.357812
0 0.939844 0.821094 0.120313 0.357812