3 0.153125 0.093750 0.143750 0.187500
6 0.323437 0.092188 0.140625 0.184375
10 0.393750 0.042969 0.056250 0.079687
0 0.463281 0.088281 0.073438 0.176563
1 0.751563 0.034375 0.040625 0.068750
7 0.806250 0.033594 0.050000 0.067187
4 0.860156 0.032813 0.048438 0.065625
10 0.885156 0.006250 0.014063 0.012500
0 0.927344 0.035156 0.054688 0.070312
1 0.989062 0.032031 0.021875 0.064062
5 0.052344 0.496875 0.104688 0.393750
2 0.139844 0.517188 0.195312 0.415625
4 0.313281 0.524219 0.198437 0.423438
10 0.371094 0.681250 0.060937 0.109375
9 0.444531 0.543750 0.110937 0.415625
7 0.553125 0.615625 0.106250 0.450000
3 0.632031 0.638281 0.204687 0.492188
10 0.703125 0.814063 0.062500 0.131250
0 0.816406 0.645312 0.214062 0.484375
0 0.944531 0.670312 0.110937 0.525000