3 0.035156 0.196094 0.070312 0.376563
6 0.127344 0.196094 0.139063 0.370312
10 0.203125 0.360156 0.056250 0.079687
0 0.303906 0.201563 0.145313 0.353125
0 0.469531 0.207813 0.142187 0.359375
10 0.950000 0.232813 0.046875 0.084375
4 0.725781 0.122656 0.182812 0.245312
0 0.870313 0.122656 0.168750 0.245312
10 0.475781 0.968750 0.067187 0.062500
7 0.557813 0.823438 0.084375 0.353125
0 0.416406 0.813281 0.189062 0.373437
9 0.258594 0.799219 0.192188 0.401562
5 0.082812 0.778125 0.165625 0.418750
10 0.819531 0.787500 0.067187 0.103125
7 0.928906 0.638281 0.142187 0.389062
0 0.758594 0.613281 0.189062 0.379688
9 0.648438 0.609375 0.096875 0.400000
5 0.646094 0.596875 0.092188 0.375000