3 0.053125 0.200000 0.106250 0.400000
9 0.055469 0.232031 0.110937 0.439063
10 0.028125 0.440625 0.056250 0.128125
0 0.166406 0.289062 0.226562 0.437500
0 0.353906 0.307812 0.239063 0.403125
1 0.612500 0.400781 0.087500 0.217188
7 0.708594 0.411719 0.126562 0.195312
5 0.815625 0.426563 0.121875 0.165625
0 0.918750 0.442969 0.131250 0.132812
2 0.092188 0.829688 0.171875 0.315625
2 0.237500 0.852344 0.171875 0.295312
0 0.361719 0.879687 0.176563 0.240625
1 0.517188 0.905469 0.103125 0.189062
4 0.617969 0.621094 0.098437 0.223438
9 0.612500 0.638281 0.087500 0.257812
10 0.588281 0.748437 0.039062 0.109375
0 0.653125 0.657031 0.168750 0.295312