3 0.051562 0.207813 0.103125 0.415625
9 0.053906 0.239063 0.107813 0.437500
10 0.046094 0.448437 0.076563 0.128125
0 0.181250 0.288281 0.221875 0.435937
0 0.372656 0.322656 0.235937 0.448437
3 0.618750 0.223438 0.100000 0.343750
6 0.615625 0.257031 0.093750 0.329688
10 0.582812 0.382031 0.028125 0.076563
3 0.628125 0.289062 0.118750 0.359375
9 0.739062 0.303906 0.196875 0.323437
3 0.326562 0.767969 0.200000 0.198437
1 0.510156 0.758594 0.117188 0.179688
10 0.529687 0.695312 0.068750 0.053125
1 0.660937 0.814063 0.184375 0.290625
8 0.843750 0.817969 0.275000 0.298438