2 0.158594 0.077344 0.189062 0.154688
2 0.300000 0.073438 0.125000 0.146875
0 0.393750 0.078125 0.159375 0.156250
10 0.428125 0.122656 0.056250 0.107813
0 0.514844 0.101562 0.157812 0.203125
0 0.607812 0.108594 0.103125 0.217188
2 0.076563 0.680469 0.153125 0.329688
2 0.322656 0.719531 0.173437 0.354687
8 0.203906 0.699219 0.170313 0.323437
10 0.364844 0.844531 0.085938 0.085938
0 0.450781 0.755469 0.164062 0.307812
0 0.575781 0.765625 0.164062 0.256250
2 0.828125 0.686719 0.103125 0.217188
6 0.927344 0.708594 0.107813 0.235937
10 0.959375 0.813281 0.037500 0.064062
0 0.985156 0.720313 0.029687 0.215625