1 0.253125 0.161719 0.212500 0.323437
1 0.623437 0.277344 0.071875 0.348438
4 0.515625 0.214844 0.225000 0.373437
9 0.370312 0.184375 0.228125 0.368750
10 0.537500 0.372656 0.081250 0.104688
6 0.873437 0.232813 0.253125 0.465625
1 0.776563 0.217969 0.234375 0.435937
9 0.963281 0.278906 0.073438 0.448437
1 0.053125 0.712500 0.106250 0.165625
3 0.138281 0.734375 0.192188 0.209375
0 0.269531 0.737500 0.179688 0.215625
10 0.295312 0.814063 0.084375 0.121875
8 0.400781 0.771875 0.214062 0.284375
4 0.535937 0.771094 0.206250 0.282813
0 0.786719 0.700000 0.164062 0.140625
0 0.888281 0.698438 0.170313 0.137500
9 0.712500 0.700000 0.106250 0.140625
6 0.703906 0.703906 0.089063 0.148438
10 0.696094 0.650781 0.060937 0.042188