1 0.099219 0.139063 0.126562 0.278125
4 0.352344 0.138281 0.095312 0.276562
9 0.225781 0.142969 0.142187 0.285938
5 0.560156 0.187500 0.092188 0.243750
7 0.685937 0.196094 0.071875 0.257812
10 0.730469 0.292969 0.035937 0.079687
0 0.792969 0.191406 0.110937 0.248438
0 0.896875 0.203125 0.112500 0.271875
6 0.303125 0.636719 0.062500 0.073438
1 0.372656 0.637500 0.042188 0.075000
10 0.394531 0.610938 0.010937 0.021875
6 0.542188 0.714844 0.143750 0.229687
3 0.735938 0.717187 0.118750 0.234375
7 0.917188 0.709375 0.106250 0.218750
10 0.978906 0.797656 0.042188 0.095312