5 0.074219 0.082812 0.123438 0.165625
3 0.232813 0.082031 0.109375 0.164062
10 0.293750 0.017969 0.050000 0.035937
3 0.383594 0.082031 0.145313 0.164062
7 0.550000 0.082812 0.115625 0.165625
5 0.892188 0.049219 0.059375 0.098437
2 0.771875 0.034375 0.065625 0.068750
10 0.920312 0.069531 0.025000 0.042188
0 0.831250 0.036719 0.078125 0.073438
0 0.953906 0.045312 0.060937 0.090625
2 0.191406 0.485938 0.082812 0.112500
0 0.298438 0.485938 0.084375 0.112500
6 0.403125 0.485156 0.081250 0.110937
10 0.449219 0.528906 0.017188 0.029687
0 0.510156 0.490625 0.092188 0.121875
0 0.646094 0.614844 0.054688 0.301563
3 0.642969 0.625781 0.048438 0.304688
5 0.644531 0.627344 0.051562 0.285938
5 0.696875 0.635938 0.100000 0.284375
6 0.791406 0.646875 0.101562 0.281250
7 0.892969 0.653125 0.089063 0.275000
10 0.839844 0.775000 0.010937 0.028125