5 0.052344 0.375781 0.104688 0.348438
3 0.048438 0.392188 0.096875 0.315625
3 0.058594 0.410938 0.117188 0.278125
7 0.121094 0.435156 0.201563 0.229687
4 0.596094 0.360156 0.160938 0.257812
0 0.705469 0.381250 0.151562 0.253125
0 0.830469 0.402344 0.157812 0.267188
0 0.933594 0.424219 0.132812 0.251563
10 0.750000 0.497656 0.071875 0.089063
0 0.034375 0.713281 0.068750 0.264062
0 0.035937 0.735156 0.071875 0.273438
3 0.032813 0.760938 0.065625 0.265625
1 0.028125 0.782813 0.056250 0.262500
8 0.029687 0.805469 0.059375 0.251563
6 0.057031 0.830469 0.114062 0.245312
10 0.080469 0.925781 0.035937 0.054688
5 0.139063 0.841406 0.118750 0.239063
1 0.509375 0.621094 0.090625 0.142187
4 0.604688 0.622656 0.150000 0.145313
2 0.739062 0.621875 0.146875 0.143750
10 0.779687 0.665625 0.034375 0.056250
0 0.875000 0.632812 0.146875 0.165625
6 0.965625 0.649219 0.068750 0.198437