0 0.344531 0.134375 0.314063 0.268750
1 0.565625 0.134375 0.168750 0.268750
4 0.123438 0.134375 0.246875 0.268750
7 0.075000 0.134375 0.150000 0.268750
2 0.732031 0.068750 0.148438 0.137500
1 0.886719 0.066406 0.095312 0.132812
0 0.950000 0.071094 0.100000 0.142187
10 0.925781 0.009375 0.023438 0.018750
1 0.250000 0.613281 0.212500 0.367188
7 0.401562 0.587500 0.184375 0.390625
10 0.483594 0.700781 0.051562 0.089063
0 0.543750 0.555469 0.193750 0.351562
0 0.617969 0.523438 0.064062 0.375000
9 0.678125 0.703125 0.056250 0.203125
6 0.673438 0.691406 0.046875 0.198437
6 0.700000 0.649219 0.100000 0.207813
2 0.776563 0.628906 0.112500 0.192188
10 0.668750 0.742969 0.037500 0.060937