0 0.307812 0.110937 0.240625 0.221875
4 0.113281 0.108594 0.223438 0.217188
7 0.057813 0.113281 0.115625 0.226562
10 0.228125 0.035156 0.084375 0.070312
1 0.522656 0.075781 0.067187 0.151562
1 0.792969 0.068750 0.126562 0.137500
4 0.646875 0.073438 0.150000 0.146875
9 0.546094 0.077344 0.114062 0.154688
10 0.721094 0.019531 0.057813 0.039062
5 0.046094 0.448437 0.092188 0.359375
3 0.040625 0.432812 0.081250 0.328125
10 0.015625 0.574219 0.031250 0.095312
0 0.078906 0.433594 0.157812 0.329688
1 0.236719 0.411719 0.151562 0.285938
5 0.622656 0.745313 0.145313 0.318750
5 0.717969 0.734375 0.139063 0.281250
6 0.807031 0.719531 0.123438 0.307812
3 0.899219 0.705469 0.132812 0.257812
4 0.964063 0.697656 0.071875 0.254688
10 0.960156 0.814844 0.029687 0.054688