1 0.214062 0.321094 0.096875 0.435937
9 0.357812 0.317188 0.162500 0.443750
4 0.529687 0.314844 0.100000 0.426563
3 0.630469 0.321094 0.101562 0.310937
3 0.810156 0.317969 0.107813 0.295312
9 0.971094 0.322656 0.057813 0.279687
9 0.723437 0.324219 0.103125 0.267188
7 0.903906 0.310156 0.085938 0.260937
10 0.936719 0.437500 0.017188 0.056250
1 0.586719 0.240625 0.014063 0.150000
8 0.599219 0.242969 0.039062 0.167187
1 0.256250 0.701562 0.043750 0.143750
6 0.360156 0.703125 0.101562 0.146875
7 0.510938 0.702344 0.081250 0.145313
10 0.563281 0.696875 0.023438 0.037500
0 0.598437 0.715625 0.037500 0.171875
1 0.603125 0.715625 0.046875 0.171875
3 0.654687 0.724219 0.090625 0.189062
10 0.700781 0.789062 0.035937 0.075000
0 0.758594 0.732031 0.104688 0.204687
0 0.858594 0.727344 0.104688 0.195312