1 0.264062 0.399219 0.168750 0.445312
9 0.374219 0.417969 0.170313 0.464062
2 0.631250 0.393750 0.190625 0.381250
2 0.794531 0.421875 0.182812 0.375000
4 0.938281 0.437500 0.123438 0.337500
10 0.992969 0.588281 0.014063 0.054688
2 0.030469 0.867969 0.060937 0.198437
1 0.062500 0.880469 0.071875 0.223438
3 0.146875 0.884375 0.121875 0.231250
10 0.175000 0.989844 0.028125 0.020313
0 0.255469 0.892188 0.126562 0.215625
0 0.359375 0.907031 0.128125 0.185938
5 0.631250 0.847656 0.109375 0.157812
0 0.713281 0.853125 0.107813 0.168750
10 0.738281 0.915625 0.032813 0.065625
0 0.790625 0.864062 0.096875 0.190625
0 0.864844 0.861719 0.104688 0.185938