3 0.236719 0.165625 0.217188 0.331250
9 0.371875 0.156250 0.181250 0.312500
10 0.404687 0.297656 0.075000 0.104688
0 0.470313 0.168750 0.118750 0.337500
1 0.737500 0.198437 0.121875 0.359375
7 0.886719 0.205469 0.160938 0.379688
10 0.920312 0.364844 0.037500 0.070312
8 0.972656 0.221094 0.054688 0.392188
2 0.042969 0.865625 0.085938 0.268750
3 0.123438 0.877344 0.168750 0.245312
0 0.227344 0.878906 0.154688 0.242188
10 0.270313 0.989844 0.056250 0.020313
0 0.360938 0.876563 0.181250 0.246875
0 0.470313 0.881250 0.118750 0.237500
5 0.711719 0.803906 0.285938 0.392188
9 0.891406 0.813281 0.201563 0.373437
10 0.935937 0.982031 0.084375 0.035937