3 0.151562 0.331250 0.234375 0.387500
9 0.287500 0.342187 0.196875 0.353125
10 0.315625 0.504687 0.078125 0.106250
0 0.421094 0.374219 0.207813 0.364063
2 0.530469 0.413281 0.176563 0.395313
1 0.053906 0.894531 0.107813 0.210938
1 0.062500 0.918750 0.125000 0.162500
4 0.136719 0.936719 0.232813 0.126562
0 0.329688 0.937500 0.287500 0.125000
7 0.670312 0.817187 0.103125 0.315625
4 0.671094 0.829688 0.104688 0.340625
0 0.689844 0.829688 0.142187 0.340625
0 0.832031 0.833594 0.201563 0.332813
10 0.630469 0.976562 0.023438 0.046875