5 0.057031 0.118750 0.114062 0.237500
3 0.067187 0.131250 0.134375 0.262500
10 0.083594 0.259375 0.079687 0.115625
0 0.245312 0.164844 0.253125 0.329688
1 0.419531 0.172656 0.079687 0.345313
0 0.510938 0.225000 0.103125 0.450000
0 0.511719 0.244531 0.104688 0.489063
0 0.758594 0.279687 0.207813 0.559375
7 0.655469 0.249219 0.201563 0.498437
8 0.549219 0.251563 0.179688 0.503125
1 0.898438 0.272656 0.162500 0.542188
10 0.888281 0.507031 0.042188 0.104688
3 0.947656 0.411719 0.104688 0.295312
5 0.041406 0.660937 0.082812 0.203125
0 0.061719 0.666406 0.123438 0.214062
3 0.186719 0.696094 0.220312 0.273438
7 0.370312 0.715625 0.178125 0.312500
10 0.242969 0.786719 0.076563 0.120313
4 0.496094 0.842187 0.073438 0.312500
5 0.557813 0.840625 0.150000 0.318750
10 0.592969 0.982031 0.057813 0.035937
0 0.708594 0.849219 0.173437 0.301563
0 0.866406 0.868750 0.185938 0.262500