7 0.016406 0.180469 0.032813 0.148438
0 0.092188 0.171875 0.068750 0.146875
10 0.071875 0.228906 0.021875 0.032813
2 0.039062 0.178906 0.062500 0.135937
2 0.616406 0.284375 0.117188 0.168750
3 0.734375 0.271094 0.121875 0.195312
2 0.843750 0.262500 0.118750 0.212500
10 0.906250 0.361719 0.018750 0.014063
0 0.946875 0.248438 0.106250 0.240625
5 0.061719 0.529687 0.123438 0.287500
9 0.145313 0.517188 0.134375 0.271875
7 0.245312 0.500781 0.118750 0.264062
4 0.330469 0.484375 0.114062 0.231250
10 0.383594 0.574219 0.035937 0.057813
3 0.418750 0.482812 0.115625 0.228125
0 0.523438 0.826562 0.087500 0.346875
0 0.546875 0.807031 0.134375 0.364063
0 0.652344 0.810937 0.164062 0.356250
6 0.751563 0.794531 0.153125 0.335938
8 0.858594 0.787500 0.157812 0.328125
0 0.939063 0.768750 0.121875 0.312500