4 0.135156 0.273438 0.142187 0.300000
0 0.262500 0.249219 0.150000 0.295312
0 0.407031 0.255469 0.160938 0.298438
10 0.328125 0.362500 0.034375 0.062500
3 0.533594 0.200000 0.089063 0.309375
9 0.645312 0.183594 0.146875 0.329688
10 0.712500 0.294531 0.031250 0.054688
9 0.782031 0.171094 0.135937 0.307812
5 0.914062 0.158594 0.134375 0.295312
8 0.384375 0.805469 0.196875 0.373437
0 0.468750 0.803125 0.040625 0.368750
2 0.584375 0.782813 0.190625 0.328125
2 0.743750 0.778906 0.240625 0.320312
2 0.902344 0.776563 0.195312 0.315625
10 0.965625 0.864062 0.068750 0.128125