4 0.210938 0.077344 0.175000 0.154688
0 0.331250 0.075781 0.184375 0.151562
0 0.475781 0.077344 0.195312 0.154688
10 0.417969 0.046094 0.042188 0.064062
1 0.621875 0.071875 0.128125 0.143750
3 0.941406 0.154688 0.117188 0.190625
2 0.071094 0.689844 0.142187 0.442188
0 0.152344 0.644531 0.257812 0.414062
0 0.445312 0.558594 0.237500 0.392188
0 0.605469 0.528906 0.251563 0.410938
9 0.298438 0.597656 0.215625 0.401562
10 0.393750 0.722656 0.084375 0.129688
2 0.774219 0.538281 0.070312 0.226562
2 0.765625 0.513281 0.053125 0.204687
5 0.771875 0.496875 0.065625 0.221875
4 0.800781 0.481250 0.123438 0.218750
10 0.748437 0.583594 0.018750 0.057813