5 0.092969 0.328906 0.185938 0.492188
4 0.274219 0.317969 0.173437 0.464062
0 0.470313 0.317969 0.178125 0.457813
10 0.358594 0.485938 0.067187 0.137500
4 0.593750 0.440625 0.068750 0.315625
9 0.587500 0.437500 0.056250 0.325000
10 0.580469 0.564063 0.042188 0.071875
0 0.653906 0.441406 0.132812 0.317188
0 0.215625 0.643750 0.062500 0.087500
6 0.091406 0.636719 0.060937 0.073438
1 0.158594 0.637500 0.042188 0.075000
1 0.292187 0.637500 0.050000 0.075000
10 0.180469 0.652344 0.017188 0.045312
1 0.643750 0.874219 0.075000 0.251563
4 0.762500 0.871875 0.131250 0.256250
8 0.923438 0.864844 0.153125 0.270313