5 0.065625 0.294531 0.131250 0.417187
4 0.157031 0.246875 0.214062 0.387500
0 0.305469 0.204687 0.207813 0.384375
0 0.372656 0.185938 0.073438 0.371875
10 0.258594 0.359375 0.076563 0.118750
10 0.509375 0.285156 0.037500 0.039062
9 0.466406 0.242969 0.076563 0.145313
5 0.518750 0.216406 0.084375 0.157812
2 0.434375 0.274219 0.050000 0.154688
0 0.433594 0.263281 0.048438 0.148438
0 0.578906 0.206250 0.089063 0.140625
9 0.024219 0.679688 0.048438 0.081250
6 0.020313 0.678125 0.040625 0.078125
6 0.022656 0.680469 0.045312 0.082812
2 0.023438 0.677344 0.046875 0.076563
10 0.008594 0.650781 0.017188 0.023438
1 0.609375 0.706250 0.112500 0.134375
9 0.704688 0.711719 0.150000 0.145313
2 0.801562 0.713281 0.165625 0.148438
2 0.908594 0.711719 0.157812 0.145313
8 0.966406 0.707031 0.067187 0.135937
10 0.975781 0.708594 0.026562 0.042188