10 0.106250 0.203906 0.046875 0.070312
6 0.048438 0.121875 0.096875 0.243750
4 0.027344 0.133594 0.054688 0.207813
0 0.159375 0.111719 0.125000 0.223438
0 0.271094 0.107031 0.126562 0.214062
0 0.950000 0.139844 0.100000 0.279687
5 0.814844 0.150781 0.220312 0.301563
2 0.635938 0.157031 0.212500 0.314063
10 0.901563 0.229687 0.068750 0.125000
10 0.252344 0.857812 0.064062 0.103125
2 0.185938 0.762500 0.150000 0.287500
4 0.068750 0.773438 0.137500 0.309375
0 0.339844 0.753125 0.170313 0.268750
0 0.425000 0.752344 0.087500 0.267188
0 0.763281 0.821875 0.229687 0.356250
1 0.953125 0.815625 0.093750 0.368750
4 0.569531 0.827344 0.201563 0.345313
6 0.535937 0.836719 0.134375 0.326562