10 0.328906 0.157812 0.048438 0.071875
6 0.259375 0.100781 0.118750 0.201563
4 0.162500 0.100000 0.115625 0.200000
0 0.378906 0.088281 0.129688 0.176563
0 0.490625 0.081250 0.134375 0.162500
5 0.663281 0.184375 0.126562 0.368750
7 0.785937 0.159375 0.231250 0.318750
0 0.931250 0.148438 0.137500 0.296875
10 0.892188 0.261719 0.084375 0.123438
10 0.583594 0.721094 0.032813 0.073438
1 0.429688 0.638281 0.137500 0.314063
2 0.267188 0.665625 0.228125 0.331250
0 0.528906 0.621875 0.142187 0.315625
4 0.914844 0.548438 0.170313 0.359375
4 0.750000 0.593750 0.262500 0.450000