6 0.046875 0.264062 0.093750 0.328125
5 0.108594 0.302344 0.173437 0.373437
10 0.142187 0.432812 0.065625 0.096875
0 0.246094 0.330469 0.198437 0.376563
1 0.404687 0.345313 0.175000 0.337500
5 0.794531 0.222656 0.192188 0.357812
9 0.921094 0.226562 0.157812 0.337500
10 0.977344 0.385156 0.045312 0.092188
1 0.028906 0.685937 0.057813 0.153125
2 0.053125 0.695312 0.106250 0.171875
0 0.141406 0.700781 0.167187 0.182812
10 0.175000 0.741406 0.062500 0.107813
0 0.261719 0.705469 0.154688 0.192188
0 0.373437 0.705469 0.165625 0.192188
6 0.621094 0.847656 0.204687 0.304688
6 0.785156 0.867969 0.164062 0.264062
0 0.910156 0.866406 0.179688 0.267188