9 0.398438 0.092969 0.153125 0.185938
9 0.541406 0.085156 0.135937 0.170313
10 0.597656 0.075781 0.023438 0.085938
4 0.641406 0.223438 0.064062 0.153125
5 0.642188 0.222656 0.065625 0.154688
6 0.764062 0.221875 0.121875 0.156250
4 0.240625 0.622656 0.125000 0.279687
9 0.385937 0.607812 0.112500 0.262500
10 0.439063 0.725000 0.025000 0.034375
0 0.525781 0.632031 0.132812 0.260937
3 0.646875 0.437500 0.075000 0.275000
5 0.644531 0.445312 0.070312 0.290625
3 0.720313 0.443750 0.109375 0.271875
10 0.766406 0.557031 0.039062 0.073438
3 0.863281 0.451562 0.126562 0.284375