9 0.298438 0.095312 0.203125 0.190625
9 0.447656 0.088281 0.201563 0.176563
10 0.484375 0.024219 0.059375 0.048438
0 0.570312 0.093750 0.159375 0.187500
3 0.667188 0.039062 0.034375 0.078125
0 0.669531 0.039844 0.039062 0.079687
0 0.688281 0.039062 0.076563 0.078125
0 0.753906 0.036719 0.076563 0.073438
10 0.653906 0.022656 0.007812 0.032813
3 0.067969 0.525000 0.135937 0.390625
3 0.153906 0.533594 0.217188 0.407813
10 0.198437 0.698438 0.087500 0.121875
0 0.339844 0.563281 0.264062 0.451562
0 0.525000 0.600000 0.250000 0.487500
9 0.706250 0.610156 0.112500 0.520312
9 0.850000 0.642188 0.300000 0.521875
9 0.954688 0.649219 0.090625 0.476562