7 0.055469 0.134375 0.110937 0.268750
2 0.137500 0.134375 0.218750 0.268750
0 0.359375 0.134375 0.200000 0.268750
5 0.496094 0.134375 0.073438 0.268750
0 0.550781 0.134375 0.145313 0.268750
0 0.739062 0.137500 0.140625 0.262500
0 0.913281 0.140625 0.164062 0.256250
6 0.253906 0.622656 0.092188 0.179688
5 0.343750 0.617188 0.081250 0.196875
0 0.425000 0.614844 0.068750 0.189062
10 0.378125 0.703125 0.040625 0.062500
7 0.714063 0.586719 0.143750 0.326562
7 0.822656 0.594531 0.120313 0.332813
10 0.857812 0.746875 0.050000 0.112500
0 0.937500 0.638281 0.125000 0.320312