7 0.058594 0.242969 0.117188 0.232813
2 0.121094 0.233594 0.229687 0.251563
0 0.337500 0.217969 0.203125 0.282813
5 0.760156 0.055469 0.089063 0.110937
0 0.836719 0.059375 0.101562 0.118750
10 0.883594 0.021875 0.035937 0.043750
0 0.924219 0.061719 0.110937 0.123438
1 0.015625 0.532813 0.031250 0.262500
2 0.028125 0.539844 0.056250 0.285938
8 0.119531 0.535937 0.110937 0.271875
2 0.242969 0.551562 0.104688 0.271875
8 0.364844 0.541406 0.107813 0.267188
10 0.185156 0.661719 0.020313 0.035937
2 0.558594 0.631250 0.185938 0.421875
1 0.769531 0.620313 0.151562 0.387500
0 0.909375 0.616406 0.181250 0.404687
10 0.979688 0.760938 0.040625 0.100000