2 0.223438 0.217969 0.150000 0.223438
3 0.359375 0.217188 0.134375 0.225000
8 0.473438 0.218750 0.125000 0.221875
0 0.587500 0.225781 0.134375 0.207813
1 0.702344 0.207031 0.045312 0.245312
9 0.716406 0.203906 0.073438 0.251563
4 0.805469 0.212500 0.126562 0.234375
0 0.933594 0.217188 0.132812 0.225000
1 0.214844 0.464062 0.073438 0.268750
0 0.327344 0.464062 0.126562 0.268750
9 0.469531 0.456250 0.114062 0.253125
10 0.525000 0.560937 0.037500 0.068750
0 0.613281 0.463281 0.132812 0.267188
7 0.714844 0.479687 0.070312 0.300000
7 0.709375 0.485156 0.059375 0.310937
10 0.691406 0.626563 0.023438 0.109375
0 0.749219 0.518750 0.139063 0.318750
0 0.860156 0.538281 0.110937 0.345313