1 0.275781 0.427344 0.132812 0.304688
2 0.115625 0.410938 0.221875 0.328125
0 0.337500 0.435937 0.062500 0.287500
10 0.794531 0.492188 0.089063 0.150000
0 0.907031 0.349219 0.185938 0.457813
4 0.734375 0.300000 0.215625 0.475000
4 0.539062 0.296875 0.253125 0.546875
5 0.126562 0.901563 0.100000 0.196875
9 0.207031 0.916406 0.089063 0.167187
0 0.283594 0.923438 0.095312 0.153125
1 0.006250 0.786719 0.012500 0.107813
8 0.014844 0.805469 0.029687 0.139063
3 0.821875 0.960938 0.156250 0.078125
4 0.685156 0.944531 0.170313 0.110937