6 0.083594 0.151562 0.167187 0.303125
7 0.163281 0.133594 0.292187 0.267188
10 0.198437 0.092188 0.109375 0.165625
0 0.305469 0.135937 0.207813 0.271875
2 0.526563 0.246094 0.234375 0.267188
4 0.678906 0.264844 0.242188 0.229687
0 0.843750 0.285938 0.234375 0.187500
0 0.944531 0.297656 0.110937 0.164062
10 0.174219 0.806250 0.057813 0.075000
6 0.136719 0.704688 0.148438 0.253125
4 0.055469 0.683594 0.110937 0.217188
0 0.255469 0.725781 0.160938 0.254688
0 0.346094 0.743750 0.126562 0.275000
7 0.661719 0.523438 0.154688 0.287500
6 0.783594 0.563281 0.173437 0.323437
0 0.912500 0.612500 0.175000 0.315625
0 0.976562 0.653906 0.046875 0.314063
10 0.814063 0.700781 0.034375 0.051562