6 0.157031 0.148438 0.314063 0.296875
7 0.388281 0.131250 0.273438 0.262500
10 0.431250 0.217188 0.103125 0.162500
0 0.499219 0.157812 0.120313 0.315625
10 0.984375 0.342969 0.031250 0.120313
10 0.928125 0.188281 0.143750 0.376563
4 0.787500 0.178906 0.281250 0.357812
2 0.253125 0.807813 0.237500 0.381250
8 0.407031 0.845313 0.207813 0.309375
6 0.509375 0.871875 0.100000 0.256250
1 0.660937 0.674219 0.203125 0.385937
0 0.782813 0.702344 0.237500 0.398438
8 0.907031 0.724219 0.185938 0.410938
10 0.969531 0.902344 0.060937 0.095312