6 0.039062 0.116406 0.078125 0.232813
8 0.034375 0.113281 0.068750 0.226562
10 0.012500 0.179688 0.025000 0.103125
8 0.076563 0.106250 0.153125 0.212500
1 0.241406 0.099219 0.123438 0.198437
4 0.900000 0.171094 0.178125 0.342187
2 0.720313 0.168750 0.162500 0.337500
2 0.462500 0.144531 0.087500 0.289062
2 0.571094 0.160938 0.132812 0.321875
10 0.788281 0.292187 0.082812 0.109375
10 0.283594 0.782813 0.045312 0.093750
1 0.132812 0.630469 0.103125 0.307812
2 0.039844 0.601562 0.079687 0.331250
8 0.353906 0.671094 0.129688 0.310937
3 0.231250 0.645312 0.103125 0.306250
5 0.449219 0.506250 0.060937 0.312500
7 0.517188 0.511719 0.096875 0.323437
10 0.557813 0.678906 0.056250 0.114062
0 0.660937 0.528906 0.137500 0.348438
0 0.827344 0.542188 0.148438 0.350000