5 0.335156 0.133594 0.101562 0.251563
2 0.431250 0.239063 0.062500 0.290625
0 0.474219 0.236719 0.135937 0.301563
0 0.590625 0.250000 0.118750 0.281250
10 0.642969 0.365625 0.048438 0.087500
0 0.717187 0.257812 0.131250 0.303125
0 0.839844 0.261719 0.126562 0.273438
0 0.135937 0.668750 0.134375 0.384375
0 0.261719 0.689063 0.129688 0.334375
0 0.360156 0.696094 0.079687 0.335938
2 0.600000 0.825781 0.118750 0.314063
0 0.698438 0.832031 0.100000 0.279687
0 0.789062 0.839844 0.096875 0.289062
8 0.882031 0.844531 0.092188 0.273438
8 0.960156 0.852344 0.079687 0.270313
10 0.918750 0.954688 0.015625 0.040625