1 0.080469 0.157031 0.160938 0.314063
8 0.256250 0.166406 0.265625 0.332813
0 0.510938 0.185156 0.256250 0.370312
10 0.369531 0.277344 0.098437 0.185938
6 0.664844 0.064062 0.051562 0.128125
6 0.682813 0.064062 0.087500 0.128125
9 0.766406 0.064062 0.104688 0.128125
8 0.847656 0.062500 0.098437 0.125000
10 0.878906 0.051562 0.020313 0.034375
9 0.933594 0.062500 0.095312 0.125000
1 0.645312 0.029687 0.012500 0.059375
8 0.654687 0.036719 0.031250 0.073438
10 0.584375 0.686719 0.062500 0.070312
2 0.621875 0.567187 0.034375 0.315625
1 0.431250 0.562500 0.128125 0.306250
2 0.267969 0.559375 0.220312 0.300000
0 0.536719 0.574219 0.145313 0.307812