1 0.062500 0.268750 0.125000 0.362500
8 0.098437 0.231250 0.196875 0.437500
0 0.284375 0.225000 0.328125 0.450000
0 0.431250 0.225000 0.196875 0.450000
10 0.207031 0.424219 0.120313 0.051562
10 0.750781 0.185156 0.067187 0.079687
2 0.812500 0.101562 0.200000 0.203125
1 0.589844 0.139063 0.120313 0.278125
2 0.592969 0.167187 0.126562 0.334375
0 0.671094 0.127344 0.179688 0.254688
10 0.299219 0.980469 0.082812 0.039062
0 0.346875 0.802344 0.253125 0.395313
0 0.453906 0.781250 0.151562 0.437500
6 0.071094 0.846875 0.142187 0.306250
1 0.057031 0.870313 0.114062 0.259375
9 0.166406 0.836719 0.257812 0.326562
2 0.567969 0.893750 0.076563 0.212500
0 0.663281 0.879687 0.151562 0.240625
6 0.789844 0.863281 0.145313 0.273438
10 0.878125 0.970313 0.025000 0.040625
0 0.920312 0.839063 0.159375 0.300000