5 0.138281 0.181250 0.245312 0.362500
8 0.326562 0.208594 0.206250 0.417187
10 0.395313 0.375781 0.068750 0.157812
1 0.557813 0.262500 0.153125 0.406250
0 0.671875 0.289844 0.193750 0.376563
8 0.817969 0.325781 0.185938 0.385937
10 0.870313 0.473438 0.062500 0.118750
0 0.939063 0.326562 0.121875 0.387500
5 0.113281 0.689063 0.226562 0.259375
2 0.285938 0.698438 0.200000 0.278125
10 0.356250 0.764062 0.090625 0.150000
3 0.595313 0.909375 0.146875 0.181250
3 0.700000 0.925000 0.128125 0.150000
0 0.800781 0.931250 0.120313 0.137500
0 0.904687 0.945312 0.131250 0.109375