5 0.056250 0.136719 0.112500 0.273438
8 0.067187 0.150000 0.134375 0.300000
10 0.053906 0.262500 0.073438 0.075000
0 0.187500 0.150000 0.228125 0.300000
1 0.366406 0.161719 0.164062 0.276562
4 0.476562 0.046875 0.053125 0.093750
6 0.508594 0.050781 0.104688 0.101562
10 0.528125 0.011719 0.034375 0.023438
0 0.580469 0.046875 0.098437 0.093750
0 0.646094 0.039844 0.095312 0.079687
6 0.024219 0.435156 0.048438 0.176563
0 0.021875 0.460938 0.043750 0.156250
10 0.020313 0.531250 0.025000 0.053125
0 0.072656 0.480469 0.098437 0.157812
5 0.801562 0.428125 0.165625 0.256250
2 0.899219 0.439844 0.157812 0.279687
0 0.955469 0.445312 0.089063 0.290625