6 0.030469 0.192188 0.060937 0.362500
8 0.078125 0.192188 0.121875 0.350000
10 0.152344 0.354687 0.029687 0.050000
7 0.267188 0.182031 0.109375 0.354687
2 0.410938 0.199219 0.096875 0.370312
2 0.505469 0.365625 0.092188 0.268750
3 0.612500 0.364063 0.100000 0.256250
0 0.713281 0.363281 0.104688 0.273438
0 0.820312 0.360156 0.084375 0.251563
0 0.916406 0.362500 0.082812 0.231250
10 0.760938 0.460938 0.028125 0.068750
2 0.324219 0.560937 0.073438 0.121875
0 0.395313 0.566406 0.056250 0.132812
0 0.443750 0.558594 0.031250 0.117188
5 0.496875 0.624219 0.075000 0.248438
0 0.539844 0.613281 0.142187 0.226562
0 0.760156 0.610156 0.142187 0.220312
0 0.947656 0.608594 0.104688 0.217188
10 0.640625 0.717187 0.025000 0.056250