7 0.337500 0.214062 0.175000 0.300000
1 0.472656 0.235937 0.148438 0.303125
10 0.489844 0.371875 0.098437 0.143750
0 0.580469 0.254688 0.173437 0.293750
1 0.711719 0.278906 0.095312 0.282813
1 0.782813 0.249219 0.046875 0.185938
5 0.785937 0.260937 0.053125 0.200000
0 0.789844 0.292187 0.060937 0.200000
10 0.768750 0.351562 0.018750 0.062500
4 0.788281 0.307812 0.057813 0.196875
6 0.821875 0.323437 0.103125 0.184375
4 0.335156 0.715625 0.101562 0.093750
0 0.418750 0.714063 0.093750 0.090625
0 0.508594 0.717187 0.104688 0.096875
10 0.442188 0.716406 0.018750 0.023438
0 0.593750 0.717187 0.103125 0.096875
0 0.785937 0.737500 0.053125 0.137500
0 0.788281 0.750000 0.057813 0.162500
0 0.813281 0.769531 0.107813 0.201563
10 0.768750 0.796875 0.018750 0.065625
6 0.793750 0.730469 0.068750 0.123438