7 0.155469 0.375000 0.142187 0.240625
1 0.260156 0.341406 0.120313 0.239063
10 0.324219 0.431250 0.079687 0.112500
0 0.320312 0.315625 0.096875 0.234375
2 0.454688 0.275000 0.171875 0.306250
2 0.561719 0.239063 0.164062 0.278125
1 0.691406 0.228125 0.135937 0.281250
3 0.042969 0.763281 0.085938 0.167187
7 0.034375 0.752344 0.068750 0.145313
10 0.011719 0.699219 0.023438 0.039062
0 0.043750 0.759375 0.087500 0.159375
0 0.077344 0.750781 0.154688 0.142187
1 0.609375 0.975000 0.084375 0.050000
4 0.676562 0.961719 0.140625 0.076563
4 0.769531 0.951562 0.142187 0.096875
1 0.890625 0.939063 0.078125 0.121875
8 0.942969 0.921094 0.114062 0.157812