3 0.242969 0.225781 0.135937 0.273438
10 0.377344 0.353125 0.045312 0.081250
0 0.343750 0.242188 0.121875 0.287500
0 0.393750 0.267188 0.031250 0.293750
4 0.606250 0.121094 0.218750 0.242188
0 0.789062 0.115625 0.206250 0.231250
0 0.936719 0.139844 0.126562 0.279687
10 0.863281 0.188281 0.085938 0.104688
1 0.045312 0.650781 0.090625 0.182812
7 0.036719 0.671094 0.073438 0.223438
10 0.010156 0.725781 0.020313 0.085938
0 0.070312 0.668750 0.140625 0.218750
0 0.202344 0.683594 0.167187 0.248438
4 0.454688 0.827344 0.090625 0.345313
4 0.569531 0.839063 0.142187 0.321875
6 0.458594 0.836719 0.098437 0.326562
0 0.708594 0.853906 0.151562 0.292187
0 0.842187 0.856250 0.156250 0.287500
10 0.614844 0.969531 0.060937 0.060937