1 0.239063 0.307812 0.087500 0.400000
9 0.314063 0.322656 0.050000 0.445312
0 0.823438 0.209375 0.143750 0.365625
0 0.950781 0.200781 0.098437 0.320312
5 0.673438 0.208594 0.121875 0.348438
4 0.531250 0.200000 0.137500 0.356250
10 0.750781 0.346875 0.048438 0.084375
4 0.044531 0.751563 0.089063 0.165625
7 0.026562 0.751563 0.053125 0.165625
10 0.009375 0.769531 0.018750 0.120313
0 0.050781 0.753906 0.101562 0.170313
0 0.182812 0.755469 0.150000 0.173437
0 0.934375 0.750781 0.131250 0.164062
3 0.789062 0.756250 0.118750 0.175000
4 0.650000 0.753906 0.134375 0.170313
10 0.860156 0.692187 0.054688 0.046875