9 0.036719 0.246094 0.073438 0.245312
8 0.064062 0.250781 0.128125 0.235937
0 0.254688 0.244531 0.128125 0.248438
1 0.637500 0.120313 0.050000 0.240625
3 0.749219 0.118750 0.089063 0.237500
5 0.888281 0.114062 0.098437 0.228125
10 0.949219 0.191406 0.020313 0.032813
0 0.981250 0.124219 0.037500 0.248438
8 0.021875 0.816406 0.043750 0.279687
6 0.035156 0.825781 0.070312 0.279687
0 0.160156 0.828125 0.095312 0.281250
1 0.311719 0.816406 0.014063 0.270313
1 0.085938 0.939063 0.021875 0.040625
6 0.560937 0.684375 0.168750 0.334375
0 0.717187 0.685156 0.150000 0.342187
10 0.748437 0.789844 0.053125 0.089063
7 0.850781 0.673438 0.126562 0.346875