9 0.059375 0.247656 0.118750 0.182812
3 0.063281 0.229687 0.126562 0.218750
8 0.175000 0.218750 0.228125 0.240625
3 0.446094 0.105469 0.192188 0.210938
5 0.571875 0.085938 0.187500 0.171875
10 0.660937 0.114844 0.068750 0.095312
0 0.702344 0.080469 0.185938 0.160938
1 0.837500 0.078125 0.156250 0.156250
2 0.227344 0.850000 0.123438 0.293750
7 0.609375 0.550000 0.093750 0.193750
0 0.741406 0.530469 0.098437 0.195312
1 0.826562 0.516406 0.071875 0.182812
8 0.666406 0.532031 0.110937 0.195312
10 0.721094 0.607812 0.035937 0.050000