0 0.071094 0.084375 0.142187 0.168750
7 0.034375 0.085938 0.068750 0.171875
10 0.135156 0.028906 0.070312 0.057813
5 0.192969 0.085938 0.173437 0.171875
5 0.649219 0.189844 0.264062 0.379688
5 0.825000 0.154688 0.203125 0.309375
0 0.942187 0.142969 0.115625 0.285938
0 0.061719 0.818750 0.123438 0.362500
0 0.063281 0.817187 0.126562 0.365625
9 0.068750 0.796875 0.137500 0.406250
0 0.219531 0.772656 0.317188 0.454688
0 0.350781 0.746875 0.098437 0.506250
8 0.833594 0.690625 0.207813 0.409375
0 0.946094 0.685156 0.107813 0.392188