1 0.037500 0.370312 0.075000 0.290625
10 0.014844 0.539844 0.029687 0.079687
0 0.160938 0.441406 0.181250 0.276562
0 0.064062 0.436719 0.128125 0.285938
0 0.046875 0.432812 0.093750 0.293750
0 0.041406 0.391406 0.082812 0.304688
2 0.621875 0.194531 0.184375 0.360938
3 0.761719 0.221094 0.201563 0.370312
10 0.795312 0.339844 0.081250 0.114062
0 0.899219 0.229687 0.201563 0.378125
2 0.166406 0.824219 0.092188 0.151562
7 0.218750 0.836719 0.065625 0.129688
10 0.225000 0.885156 0.018750 0.035937
0 0.261719 0.851562 0.073438 0.131250
0 0.310937 0.860156 0.062500 0.114062
6 0.555469 0.946875 0.098437 0.106250
6 0.618750 0.942187 0.096875 0.115625
6 0.689844 0.957812 0.095312 0.084375
7 0.757031 0.960938 0.085938 0.078125