7 0.092969 0.102344 0.117188 0.204687
4 0.231250 0.109375 0.140625 0.218750
10 0.284375 0.196094 0.028125 0.051562
0 0.355469 0.107813 0.107813 0.215625
7 0.512500 0.287500 0.093750 0.243750
0 0.612500 0.319531 0.115625 0.289062
10 0.656250 0.412500 0.021875 0.040625
0 0.732812 0.317188 0.125000 0.265625
1 0.882812 0.342969 0.087500 0.289062
0 0.039844 0.631250 0.079687 0.125000
0 0.032031 0.632031 0.064062 0.126562
10 0.015625 0.592969 0.031250 0.048438
0 0.051562 0.630469 0.103125 0.123438
1 0.160938 0.631250 0.118750 0.125000
6 0.584375 0.621094 0.106250 0.104688
6 0.664062 0.620313 0.096875 0.103125
10 0.697656 0.619531 0.032813 0.057813
0 0.755469 0.617969 0.098437 0.098437
0 0.846875 0.615625 0.100000 0.093750