1 0.119531 0.126562 0.051562 0.253125
2 0.214844 0.135937 0.107813 0.271875
2 0.356250 0.138281 0.106250 0.276562
10 0.404687 0.250000 0.009375 0.050000
4 0.906250 0.130469 0.143750 0.260937
5 0.032813 0.552344 0.065625 0.145313
4 0.072656 0.546875 0.117188 0.134375
10 0.114062 0.537500 0.034375 0.065625
0 0.186719 0.549219 0.110937 0.139063
0 0.297656 0.546094 0.123438 0.132812
7 0.607031 0.544531 0.082812 0.129688
2 0.725781 0.540625 0.104688 0.121875
10 0.764062 0.587500 0.028125 0.046875
0 0.841406 0.542188 0.098437 0.125000
0 0.949219 0.544531 0.101562 0.129688