1 0.180469 0.379688 0.057813 0.300000
2 0.276562 0.378125 0.115625 0.303125
2 0.420312 0.371094 0.118750 0.310937
10 0.492969 0.491406 0.023438 0.051562
0 0.556250 0.356250 0.118750 0.309375
1 0.714844 0.142969 0.160938 0.279687
6 0.849219 0.146094 0.135937 0.292187
10 0.909375 0.242188 0.053125 0.100000
0 0.951562 0.135156 0.096875 0.270313
5 0.118750 0.633594 0.153125 0.207813
4 0.273438 0.621875 0.140625 0.184375
10 0.351562 0.676562 0.031250 0.046875
0 0.429688 0.617969 0.171875 0.176563
1 0.595313 0.610938 0.068750 0.162500
2 0.662500 0.923438 0.065625 0.153125
1 0.678125 0.928125 0.096875 0.143750
0 0.782031 0.920312 0.126562 0.159375
0 0.892969 0.913281 0.117188 0.173437
0 0.974219 0.923438 0.051562 0.153125