7 0.050000 0.267188 0.100000 0.409375
1 0.080469 0.221094 0.117188 0.379688
10 0.162500 0.372656 0.040625 0.057813
0 0.235937 0.185156 0.218750 0.370312
2 0.386719 0.172656 0.185938 0.345313
6 0.652344 0.410156 0.176563 0.295312
5 0.770312 0.387500 0.159375 0.300000
10 0.851562 0.483594 0.053125 0.085938
0 0.901563 0.353125 0.190625 0.306250
0 0.960156 0.335156 0.079687 0.320312
5 0.406250 0.779687 0.109375 0.221875
2 0.461719 0.770312 0.035937 0.203125
2 0.760938 0.743750 0.150000 0.150000
2 0.892188 0.741406 0.143750 0.145313