7 0.038281 0.385156 0.076563 0.404687
1 0.169531 0.408594 0.073438 0.382812
10 0.205469 0.575000 0.035937 0.050000
0 0.332813 0.411719 0.178125 0.376563
2 0.514062 0.413281 0.193750 0.373437
2 0.673438 0.398438 0.109375 0.403125
2 0.844531 0.435156 0.164062 0.329688
1 0.714844 0.424219 0.154688 0.351562
0 0.961719 0.457031 0.076563 0.285938
1 0.277344 0.700781 0.139063 0.201563
0 0.393750 0.692187 0.181250 0.184375
8 0.535937 0.695312 0.165625 0.190625
10 0.593750 0.674219 0.050000 0.117188
6 0.642188 0.653125 0.046875 0.106250
0 0.637500 0.647656 0.037500 0.095312
10 0.632031 0.618750 0.023438 0.037500
0 0.687500 0.646875 0.103125 0.093750