4 0.049219 0.328906 0.098437 0.392188
7 0.078906 0.304688 0.157812 0.353125
10 0.144531 0.403906 0.057813 0.098437
9 0.231250 0.291406 0.181250 0.382812
0 0.361719 0.252344 0.173437 0.314063
4 0.588281 0.238281 0.132812 0.289062
4 0.700781 0.232813 0.117188 0.271875
10 0.761719 0.317969 0.045312 0.085938
0 0.811719 0.210156 0.135937 0.276562
0 0.925000 0.200781 0.125000 0.289062
7 0.023438 0.677344 0.046875 0.135937
6 0.033594 0.675000 0.067187 0.131250
0 0.133594 0.675781 0.110937 0.132812
1 0.279687 0.672656 0.050000 0.126562
10 0.082031 0.663281 0.020313 0.035937
3 0.517969 0.825781 0.098437 0.348438
6 0.539062 0.835156 0.140625 0.329688
10 0.626563 0.974219 0.056250 0.051562
5 0.693750 0.818750 0.187500 0.362500
4 0.861719 0.791406 0.189062 0.364063