4 0.190625 0.162500 0.175000 0.325000
7 0.364844 0.150781 0.142187 0.301563
10 0.418750 0.232813 0.053125 0.096875
3 0.729688 0.127344 0.112500 0.254688
3 0.911719 0.122656 0.114062 0.245312
9 0.825000 0.117969 0.106250 0.235937
7 0.981250 0.110937 0.037500 0.221875
1 0.476562 0.042188 0.015625 0.084375
8 0.488281 0.048438 0.039062 0.096875
4 0.039844 0.822656 0.079687 0.354687
2 0.042969 0.835156 0.085938 0.329688
5 0.107031 0.831250 0.151562 0.337500
0 0.293750 0.844531 0.146875 0.310937
0 0.433594 0.853906 0.070312 0.292187
1 0.676562 0.552344 0.015625 0.045312
3 0.709375 0.553906 0.031250 0.048438
5 0.752344 0.553125 0.029687 0.046875
0 0.796875 0.553125 0.034375 0.046875
0 0.838281 0.556250 0.042188 0.053125
10 0.768750 0.535937 0.009375 0.012500