5 0.057031 0.414844 0.114062 0.089063
7 0.170313 0.405469 0.115625 0.107813
0 0.274219 0.394531 0.151562 0.129688
0 0.376563 0.385937 0.159375 0.146875
2 0.516406 0.185938 0.114062 0.371875
8 0.528125 0.162500 0.137500 0.325000
7 0.633594 0.146094 0.189062 0.292187
10 0.726562 0.246875 0.059375 0.100000
0 0.782813 0.137500 0.203125 0.275000
0 0.913281 0.129688 0.173437 0.259375
10 0.331250 0.870313 0.046875 0.065625
1 0.184375 0.796094 0.118750 0.254688
2 0.063281 0.815625 0.126562 0.306250
5 0.270313 0.778125 0.131250 0.256250
0 0.371875 0.763281 0.140625 0.251563
0 0.424219 0.738281 0.070312 0.229687
5 0.886719 0.824219 0.107813 0.220312
2 0.735938 0.835156 0.106250 0.179688
10 0.937500 0.884375 0.040625 0.056250
0 0.807813 0.821094 0.121875 0.192188
0 0.955469 0.805469 0.089063 0.198437