5 0.239063 0.309375 0.112500 0.240625
7 0.364844 0.302344 0.092188 0.254688
10 0.415625 0.392188 0.040625 0.075000
0 0.472656 0.289062 0.129688 0.253125
0 0.576562 0.288281 0.134375 0.276562
0 0.728906 0.086719 0.057813 0.173437
0 0.729688 0.084375 0.059375 0.168750
3 0.726562 0.078125 0.053125 0.156250
1 0.771875 0.071875 0.093750 0.143750
8 0.843750 0.067969 0.100000 0.135937
6 0.924219 0.064844 0.101562 0.129688
10 0.977344 0.089844 0.029687 0.054688
1 0.220312 0.614844 0.131250 0.370312
9 0.346875 0.629687 0.200000 0.400000
3 0.524219 0.614062 0.185938 0.368750
8 0.645312 0.595313 0.109375 0.331250
10 0.616406 0.726562 0.085938 0.131250