6 0.121094 0.087500 0.185938 0.175000
1 0.293750 0.067187 0.109375 0.134375
10 0.339062 0.079687 0.059375 0.093750
7 0.390625 0.073438 0.121875 0.146875
9 0.491406 0.079687 0.154688 0.159375
9 0.703125 0.300000 0.171875 0.334375
8 0.849219 0.287500 0.167187 0.346875
0 0.960938 0.242188 0.078125 0.331250
10 0.946094 0.392188 0.051562 0.065625
4 0.036719 0.740625 0.073438 0.231250
6 0.108594 0.740625 0.117188 0.234375
10 0.174219 0.815625 0.054688 0.081250
0 0.211719 0.739844 0.126562 0.260937
0 0.301563 0.728125 0.146875 0.237500
7 0.811719 0.754687 0.135937 0.284375
0 0.907031 0.757812 0.135937 0.281250
1 0.973437 0.732031 0.053125 0.245312