6 0.296094 0.103125 0.217188 0.206250
1 0.613281 0.121094 0.092188 0.242188
1 0.980469 0.192188 0.039062 0.228125
9 0.690625 0.142969 0.137500 0.260937
8 0.778906 0.156250 0.129688 0.256250
10 0.815625 0.255469 0.062500 0.079687
0 0.902344 0.187500 0.142187 0.256250
9 0.049219 0.631250 0.098437 0.503125
9 0.068750 0.643750 0.137500 0.512500
9 0.122656 0.637500 0.239063 0.468750
10 0.186719 0.821875 0.085938 0.140625
0 0.321875 0.642188 0.246875 0.490625
4 0.599219 0.540625 0.204687 0.312500
6 0.734375 0.568750 0.171875 0.378125
10 0.767188 0.673438 0.040625 0.081250
0 0.877344 0.546875 0.189062 0.334375
0 0.953125 0.550781 0.093750 0.314063