3 0.367188 0.325000 0.125000 0.250000
5 0.723437 0.190625 0.146875 0.296875
1 0.843750 0.154688 0.118750 0.237500
10 0.899219 0.262500 0.051562 0.090625
0 0.932031 0.146094 0.135937 0.251563
4 0.048438 0.571094 0.096875 0.242188
0 0.044531 0.560156 0.089063 0.220312
10 0.072656 0.607031 0.060937 0.092188
0 0.128906 0.553125 0.198437 0.206250
1 0.323437 0.535937 0.125000 0.171875
0 0.828906 0.592969 0.207813 0.285938
0 0.939063 0.574219 0.121875 0.248438
6 0.671875 0.600781 0.193750 0.301563
5 0.532813 0.602344 0.187500 0.304688
10 0.767969 0.688281 0.076563 0.123438