3 0.289062 0.153125 0.178125 0.306250
8 0.424219 0.153906 0.164062 0.307812
10 0.470313 0.260156 0.053125 0.092188
2 0.676562 0.078906 0.131250 0.157812
1 0.800000 0.082031 0.084375 0.164062
1 0.890625 0.099219 0.068750 0.198437
10 0.913281 0.158594 0.026562 0.079687
0 0.961719 0.094531 0.076563 0.189062
3 0.275781 0.790625 0.129688 0.281250
7 0.388281 0.791406 0.107813 0.282813
10 0.426563 0.892969 0.040625 0.057813
9 0.478125 0.799219 0.081250 0.282813
9 0.557031 0.828906 0.076563 0.342187
5 0.570312 0.839844 0.103125 0.320312
10 0.598437 0.953906 0.059375 0.092188
0 0.692187 0.831250 0.178125 0.337500
1 0.867969 0.832812 0.145313 0.334375