5 0.038281 0.151562 0.076563 0.303125
2 0.051562 0.156250 0.103125 0.312500
0 0.168750 0.183594 0.159375 0.314063
10 0.071875 0.273438 0.046875 0.071875
0 0.300000 0.196875 0.162500 0.309375
1 0.766406 0.421875 0.073438 0.246875
8 0.853125 0.439063 0.137500 0.275000
7 0.964844 0.475781 0.070312 0.267188
0 0.027344 0.715625 0.054688 0.112500
0 0.032813 0.714063 0.065625 0.109375
5 0.099219 0.712500 0.095312 0.106250
2 0.180469 0.710938 0.092188 0.103125
4 0.263281 0.705469 0.092188 0.092188
3 0.345313 0.710156 0.087500 0.101562
10 0.368750 0.714844 0.015625 0.023438
4 0.420312 0.705469 0.093750 0.092188
4 0.532031 0.770312 0.126562 0.221875
7 0.708594 0.770312 0.192188 0.221875
10 0.759375 0.789062 0.112500 0.221875
0 0.895312 0.770312 0.209375 0.221875