5 0.029687 0.091406 0.059375 0.182812
2 0.122656 0.089844 0.120313 0.179688
0 0.267969 0.096875 0.123438 0.193750
10 0.179688 0.141406 0.040625 0.067187
0 0.387500 0.096875 0.103125 0.193750
1 0.469531 0.310937 0.060937 0.315625
8 0.627344 0.312500 0.207813 0.312500
1 0.910937 0.322656 0.075000 0.292187
3 0.057813 0.688281 0.115625 0.348438
0 0.189062 0.734375 0.131250 0.334375
1 0.339062 0.753906 0.078125 0.285938
10 0.372656 0.878125 0.048438 0.112500
8 0.414062 0.784375 0.050000 0.293750
7 0.489844 0.856250 0.101562 0.287500
3 0.506250 0.853906 0.134375 0.292187
0 0.659375 0.855469 0.206250 0.289062
0 0.850781 0.855469 0.226562 0.289062