6 0.064062 0.269531 0.128125 0.501563
6 0.150781 0.324219 0.248438 0.445312
10 0.196094 0.485156 0.076563 0.117188
0 0.294531 0.376563 0.210938 0.468750
3 0.485938 0.193750 0.171875 0.387500
9 0.592187 0.207813 0.196875 0.359375
10 0.617188 0.371094 0.078125 0.107813
0 0.725781 0.245312 0.204687 0.368750
2 0.856250 0.289844 0.215625 0.401562
0 0.047656 0.791406 0.095312 0.292187
1 0.032813 0.837500 0.065625 0.281250
5 0.085938 0.857812 0.153125 0.284375
10 0.109375 0.963281 0.056250 0.073438
0 0.192188 0.869531 0.181250 0.260937
1 0.321094 0.894531 0.126562 0.210938
1 0.423438 0.688281 0.046875 0.117188
0 0.470313 0.699219 0.140625 0.139063
5 0.575000 0.698438 0.128125 0.137500
10 0.607031 0.721875 0.032813 0.050000
0 0.694531 0.705469 0.148438 0.151562
1 0.841406 0.717969 0.110937 0.176563