4 0.217188 0.099219 0.209375 0.198437
0 0.346875 0.094531 0.165625 0.189062
10 0.403906 0.021875 0.051562 0.043750
5 0.503125 0.104688 0.146875 0.209375
7 0.639844 0.097656 0.204687 0.195312
0 0.795312 0.100781 0.209375 0.201563
1 0.935156 0.096875 0.129688 0.193750
10 0.684375 0.102344 0.071875 0.101562
3 0.045312 0.571875 0.090625 0.184375
9 0.046094 0.578125 0.092188 0.196875
10 0.015625 0.589844 0.031250 0.110937
0 0.117188 0.581250 0.203125 0.203125
1 0.331250 0.573438 0.134375 0.187500
0 0.465625 0.758594 0.071875 0.289062
0 0.466406 0.770312 0.073438 0.281250
0 0.465625 0.782031 0.071875 0.295312
0 0.656250 0.815625 0.118750 0.250000
10 0.673438 0.925000 0.031250 0.056250
7 0.740625 0.821094 0.121875 0.251563
4 0.575781 0.802344 0.132812 0.245312
3 0.496875 0.795312 0.131250 0.281250