5 0.236719 0.292969 0.142187 0.317188
2 0.392188 0.275781 0.140625 0.323437
8 0.500781 0.267969 0.076563 0.317188
5 0.567969 0.427344 0.057813 0.248438
0 0.617188 0.421875 0.112500 0.240625
10 0.672656 0.503906 0.039062 0.073438
0 0.717187 0.412500 0.112500 0.240625
2 0.824219 0.408594 0.123438 0.248438
4 0.131250 0.616406 0.128125 0.114062
9 0.217969 0.617969 0.120313 0.117188
10 0.282031 0.578906 0.039062 0.039062
0 0.323437 0.621094 0.125000 0.123438
0 0.413281 0.616406 0.120313 0.114062
9 0.886719 0.603906 0.076563 0.089063
3 0.966406 0.613281 0.067187 0.107813