5 0.031250 0.138281 0.062500 0.276562
2 0.139844 0.147656 0.126562 0.295312
8 0.285156 0.157031 0.132812 0.314063
10 0.335938 0.294531 0.028125 0.051562
8 0.410938 0.189062 0.096875 0.315625
9 0.575000 0.059375 0.065625 0.118750
1 0.630469 0.062500 0.048438 0.125000
10 0.649219 0.107813 0.020313 0.046875
10 0.689063 0.059375 0.046875 0.118750
10 0.740625 0.071094 0.046875 0.123438
1 0.257812 0.867969 0.093750 0.264062
9 0.352344 0.864062 0.126562 0.271875
5 0.427344 0.886719 0.064062 0.226562
2 0.517969 0.735156 0.117188 0.451562
3 0.533594 0.740625 0.148438 0.462500
10 0.592187 0.914844 0.068750 0.123438
0 0.710156 0.739844 0.198437 0.457813
0 0.904687 0.749219 0.190625 0.479687