6 0.070312 0.135937 0.140625 0.271875
6 0.071875 0.120313 0.143750 0.240625
10 0.020313 0.112500 0.040625 0.118750
0 0.111719 0.116406 0.223438 0.232813
0 0.257812 0.120313 0.281250 0.240625
6 0.660156 0.224219 0.342187 0.448437
6 0.867969 0.190625 0.264062 0.381250
0 0.150000 0.600000 0.265625 0.240625
9 0.316406 0.585938 0.232813 0.212500
10 0.412500 0.611719 0.093750 0.139063
0 0.421094 0.582812 0.117188 0.206250
6 0.535937 0.767969 0.112500 0.360938
6 0.599219 0.734375 0.198437 0.340625
6 0.738281 0.705469 0.195312 0.342187
10 0.822656 0.816406 0.054688 0.076563
9 0.879687 0.692187 0.203125 0.356250