3 0.276562 0.069531 0.150000 0.139063
0 0.351562 0.068750 0.075000 0.137500
1 0.543750 0.063281 0.090625 0.126562
8 0.628125 0.085938 0.156250 0.171875
7 0.757812 0.113281 0.131250 0.226562
10 0.765625 0.214844 0.025000 0.042188
0 0.853125 0.132812 0.153125 0.265625
0 0.943750 0.155469 0.112500 0.226562
1 0.053906 0.508594 0.107813 0.392188
0 0.061719 0.543750 0.123438 0.406250
0 0.267969 0.622656 0.223438 0.370312
0 0.343750 0.685937 0.090625 0.400000
8 0.114844 0.575781 0.229687 0.420312
10 0.144531 0.757812 0.073438 0.096875
0 0.686719 0.378906 0.148438 0.220312
1 0.785937 0.390625 0.118750 0.243750
5 0.589063 0.363281 0.137500 0.189062
8 0.499219 0.347656 0.145313 0.157812
10 0.611719 0.439063 0.051562 0.065625