3 0.182812 0.334375 0.128125 0.275000
0 0.297656 0.311719 0.132812 0.270313
10 0.377344 0.392969 0.057813 0.098437
0 0.416406 0.279687 0.129688 0.271875
0 0.489844 0.240625 0.039062 0.259375
2 0.566406 0.517188 0.114062 0.390625
3 0.674219 0.488281 0.207813 0.379688
6 0.817969 0.448437 0.201563 0.371875
10 0.917969 0.583594 0.057813 0.095312
1 0.964063 0.427344 0.071875 0.345313
10 0.357812 0.767969 0.053125 0.035937
7 0.156250 0.835938 0.175000 0.171875
0 0.268750 0.827344 0.159375 0.154688
0 0.388281 0.825000 0.170313 0.150000
0 0.467969 0.821875 0.082812 0.143750
0 0.907813 0.935156 0.146875 0.129688
0 0.972656 0.931250 0.054688 0.137500
1 0.735156 0.951562 0.101562 0.096875
1 0.625000 0.956250 0.128125 0.087500
3 0.810156 0.943750 0.120313 0.112500