3 0.204687 0.072656 0.121875 0.145313
0 0.319531 0.068750 0.114062 0.137500
0 0.438281 0.060156 0.123438 0.120313
10 0.353125 0.057031 0.034375 0.054688
3 0.882031 0.252344 0.160938 0.326562
6 0.975781 0.278125 0.048438 0.287500
5 0.180469 0.603906 0.076563 0.089063
0 0.242188 0.607031 0.087500 0.095312
10 0.266406 0.575000 0.029687 0.031250
0 0.311719 0.608594 0.095312 0.098437
0 0.387500 0.606250 0.093750 0.093750
0 0.744531 0.699219 0.070312 0.279687
0 0.764844 0.711719 0.110937 0.273438
0 0.943750 0.737500 0.112500 0.253125
2 0.855469 0.731250 0.110937 0.275000
2 0.750000 0.911719 0.081250 0.151562