3 0.083594 0.206250 0.104688 0.287500
0 0.199219 0.200781 0.098437 0.273438
0 0.320312 0.205469 0.109375 0.239063
10 0.253125 0.314063 0.031250 0.053125
6 0.527344 0.306250 0.076563 0.353125
3 0.525000 0.294531 0.071875 0.351562
10 0.502344 0.431250 0.026562 0.093750
0 0.528906 0.282813 0.079687 0.359375
0 0.631250 0.273438 0.162500 0.365625
8 0.014844 0.650781 0.029687 0.101562
1 0.004687 0.939063 0.009375 0.118750
4 0.192969 0.705469 0.104688 0.210938
4 0.290625 0.702344 0.096875 0.204687
1 0.410938 0.702344 0.053125 0.204687
4 0.464062 0.697656 0.050000 0.195312
9 0.563281 0.688281 0.098437 0.176563
8 0.667969 0.689063 0.098437 0.178125
5 0.767969 0.689063 0.085938 0.178125
10 0.820312 0.764844 0.009375 0.023438
5 0.871094 0.684375 0.079687 0.168750