1 0.176563 0.291406 0.084375 0.329688
9 0.296875 0.287500 0.140625 0.350000
4 0.432031 0.270313 0.120313 0.293750
10 0.492188 0.392188 0.034375 0.109375
1 0.535156 0.379688 0.051562 0.240625
0 0.550000 0.387500 0.081250 0.225000
9 0.656250 0.391406 0.137500 0.217188
7 0.860938 0.385156 0.140625 0.229687
7 0.956250 0.383594 0.087500 0.232813
5 0.084375 0.875781 0.115625 0.248438
2 0.240625 0.872656 0.115625 0.254688
8 0.385937 0.876563 0.121875 0.246875
8 0.489844 0.883594 0.039062 0.232813
8 0.779687 0.569531 0.131250 0.139063
4 0.907813 0.568750 0.112500 0.137500