7 0.051562 0.161719 0.103125 0.323437
0 0.096094 0.121094 0.192188 0.242188
0 0.245312 0.107031 0.196875 0.214062
0 0.367969 0.117188 0.142187 0.234375
10 0.198437 0.194531 0.081250 0.098437
0 0.496094 0.443750 0.114062 0.290625
0 0.496875 0.432812 0.115625 0.312500
0 0.750000 0.407813 0.228125 0.362500
7 0.635156 0.406250 0.223438 0.365625
8 0.536719 0.414062 0.195312 0.350000
1 0.882031 0.399219 0.182812 0.379688
3 0.963281 0.515625 0.073438 0.146875
0 0.028125 0.931250 0.056250 0.137500
0 0.039062 0.924219 0.078125 0.151562
5 0.109375 0.918750 0.096875 0.162500
2 0.189062 0.910156 0.093750 0.179688
4 0.271875 0.908594 0.093750 0.182812
3 0.355469 0.895312 0.089063 0.203125
10 0.409375 0.971875 0.015625 0.021875
4 0.409375 0.875000 0.059375 0.187500
3 0.484375 0.684375 0.090625 0.190625
6 0.527344 0.682813 0.176563 0.187500
10 0.639062 0.630469 0.065625 0.082812
0 0.695312 0.678906 0.184375 0.179688
0 0.853906 0.680469 0.182812 0.182812