7 0.078125 0.193750 0.150000 0.387500
0 0.221094 0.167187 0.148438 0.334375
10 0.285156 0.309375 0.070312 0.090625
10 0.814063 0.459375 0.043750 0.090625
6 0.889062 0.360938 0.121875 0.287500
8 0.967969 0.320312 0.064062 0.265625
3 0.764844 0.352344 0.126562 0.307812
4 0.646875 0.350000 0.134375 0.281250
4 0.142187 0.726562 0.087500 0.237500
6 0.249219 0.727344 0.089063 0.242188
10 0.300781 0.834375 0.035937 0.081250
6 0.317969 0.725781 0.023438 0.257812
0 0.642969 0.885938 0.067187 0.175000
6 0.519531 0.864844 0.064062 0.151562
1 0.585938 0.878125 0.043750 0.153125
1 0.719531 0.888281 0.054688 0.148438
10 0.605469 0.937500 0.017188 0.046875