4 0.224219 0.285938 0.173437 0.087500
9 0.370312 0.295312 0.159375 0.068750
7 0.643750 0.189844 0.168750 0.279687
1 0.771875 0.201563 0.156250 0.256250
10 0.786719 0.310156 0.101562 0.039062
0 0.878906 0.214844 0.179688 0.229687
9 0.087500 0.742969 0.175000 0.514062
9 0.253125 0.760938 0.325000 0.478125
9 0.430469 0.779687 0.257812 0.440625
10 0.487500 0.957812 0.100000 0.084375
1 0.760938 0.593750 0.200000 0.378125
1 0.950000 0.618750 0.100000 0.356250
7 0.883594 0.589844 0.207813 0.357812
10 0.991406 0.756250 0.017188 0.125000