4 0.162500 0.330469 0.162500 0.117188
9 0.297656 0.310937 0.148438 0.156250
0 0.435937 0.303125 0.168750 0.171875
8 0.774219 0.303125 0.220312 0.171875
0 0.921875 0.275781 0.156250 0.226562
1 0.122656 0.717187 0.089063 0.240625
8 0.203125 0.705469 0.128125 0.257812
5 0.309375 0.692187 0.121875 0.240625
10 0.375781 0.778125 0.048438 0.084375
0 0.403906 0.657813 0.120313 0.228125
1 0.527344 0.644531 0.101562 0.223438
4 0.696875 0.881250 0.075000 0.237500
4 0.690625 0.873437 0.062500 0.234375
10 0.738281 0.950000 0.060937 0.100000
0 0.769531 0.862500 0.132812 0.243750
0 0.863281 0.839063 0.154688 0.296875