3 0.046094 0.308594 0.092188 0.298438
9 0.105469 0.354687 0.192188 0.334375
10 0.132031 0.453906 0.051562 0.076563
0 0.216406 0.369531 0.170313 0.298438
0 0.348438 0.379688 0.178125 0.281250
4 0.617969 0.314844 0.167187 0.289062
9 0.764062 0.317969 0.153125 0.270313
10 0.796094 0.440625 0.029687 0.037500
0 0.897656 0.357812 0.173437 0.271875
4 0.227344 0.735938 0.220312 0.334375
2 0.382812 0.740625 0.212500 0.343750
10 0.432812 0.880469 0.093750 0.132812
0 0.460938 0.765625 0.056250 0.393750
4 0.673438 0.765625 0.159375 0.309375
4 0.804688 0.788281 0.150000 0.301563
0 0.923438 0.811719 0.153125 0.301563
10 0.834375 0.922656 0.031250 0.048438