3 0.345313 0.261719 0.168750 0.295312
9 0.407813 0.253125 0.043750 0.331250
6 0.551562 0.129688 0.175000 0.259375
1 0.926562 0.102344 0.137500 0.204687
0 0.789844 0.113281 0.179688 0.226562
0 0.671875 0.121875 0.159375 0.243750
10 0.743750 0.196094 0.053125 0.070312
2 0.050781 0.766406 0.101562 0.307812
1 0.036719 0.738281 0.073438 0.257812
8 0.071094 0.717969 0.142187 0.217188
10 0.140625 0.778906 0.068750 0.089063
0 0.182812 0.698438 0.184375 0.178125
0 0.307812 0.687500 0.171875 0.156250
5 0.693750 0.801562 0.181250 0.318750
1 0.807813 0.786719 0.146875 0.310937
10 0.862500 0.859375 0.050000 0.078125
0 0.900781 0.758594 0.157812 0.298438
0 0.957812 0.757031 0.084375 0.295312