2 0.064844 0.192188 0.129688 0.362500
3 0.224219 0.210938 0.129688 0.337500
2 0.510156 0.218750 0.101562 0.375000
0 0.509375 0.223438 0.100000 0.356250
8 0.637500 0.235937 0.168750 0.343750
10 0.695312 0.375781 0.062500 0.114062
0 0.803906 0.262500 0.198437 0.350000
0 0.935156 0.264844 0.129688 0.342187
10 0.210938 0.967187 0.028125 0.050000
1 0.334375 0.918750 0.071875 0.162500
1 0.071094 0.875781 0.057813 0.160938
6 0.256250 0.913281 0.081250 0.170313
6 0.125781 0.885938 0.070312 0.153125
8 0.191406 0.899219 0.082812 0.176563
2 0.478125 0.693750 0.037500 0.150000
0 0.478125 0.688281 0.037500 0.139063
5 0.493750 0.696094 0.068750 0.154688
10 0.516406 0.753125 0.023438 0.034375
6 0.562500 0.700781 0.078125 0.164062
8 0.639062 0.708594 0.078125 0.179688