4 0.083594 0.150781 0.167187 0.301563
7 0.214844 0.157812 0.170313 0.315625
10 0.246875 0.300781 0.062500 0.126562
0 0.367188 0.192188 0.209375 0.365625
0 0.466406 0.221094 0.104688 0.373437
4 0.661719 0.196094 0.217188 0.351562
3 0.821094 0.225000 0.185938 0.337500
10 0.836719 0.348438 0.048438 0.084375
0 0.924219 0.252344 0.151562 0.332813
2 0.068750 0.593750 0.137500 0.228125
3 0.063281 0.596875 0.126562 0.234375
4 0.176563 0.597656 0.246875 0.235937
10 0.222656 0.514062 0.057813 0.068750
0 0.365625 0.589844 0.246875 0.220312
0 0.464844 0.585938 0.107813 0.212500
1 0.554688 0.744531 0.071875 0.435937
2 0.571094 0.770312 0.104688 0.440625
0 0.664062 0.800781 0.203125 0.398438
10 0.707812 0.967187 0.093750 0.065625
8 0.854688 0.819531 0.225000 0.360938
8 0.963281 0.846094 0.073438 0.307812