6 0.041406 0.397656 0.082812 0.370312
7 0.036719 0.410156 0.073438 0.379688
10 0.007031 0.582031 0.014063 0.054688
0 0.084375 0.432031 0.168750 0.398438
1 0.285156 0.429688 0.107813 0.281250
1 0.785156 0.456250 0.107813 0.281250
0 0.635156 0.440625 0.139063 0.278125
4 0.510938 0.429688 0.146875 0.290625
5 0.389844 0.432031 0.135937 0.298438
10 0.550781 0.548438 0.042188 0.081250
1 0.428125 0.717187 0.078125 0.115625
0 0.517969 0.726562 0.142187 0.134375
5 0.634375 0.726562 0.109375 0.134375
10 0.674219 0.689063 0.029687 0.046875
0 0.755469 0.727344 0.129688 0.135937
1 0.904687 0.723437 0.093750 0.128125