6 0.034375 0.548438 0.068750 0.359375
7 0.125781 0.553125 0.120313 0.371875
10 0.188281 0.722656 0.026562 0.051562
0 0.303125 0.566406 0.153125 0.385937
0 0.427344 0.570312 0.045312 0.365625
0 0.469531 0.220312 0.039062 0.225000
0 0.468750 0.227344 0.037500 0.223438
2 0.470313 0.231250 0.040625 0.218750
7 0.538281 0.234375 0.067187 0.225000
1 0.644531 0.240625 0.039062 0.212500
9 0.710938 0.244531 0.078125 0.210938
10 0.745313 0.335938 0.015625 0.028125
5 0.800000 0.246094 0.071875 0.214062
6 0.731250 0.884375 0.196875 0.231250
5 0.917188 0.884375 0.165625 0.231250
10 0.977344 0.956250 0.045312 0.087500