2 0.053125 0.153906 0.106250 0.298438
3 0.157812 0.181250 0.168750 0.293750
0 0.262500 0.196875 0.153125 0.312500
10 0.305469 0.310937 0.054688 0.093750
0 0.346875 0.199219 0.084375 0.320312
1 0.689063 0.385156 0.103125 0.289062
9 0.817187 0.397656 0.162500 0.264062
8 0.940625 0.417187 0.118750 0.225000
2 0.045312 0.643750 0.090625 0.228125
4 0.077344 0.655469 0.154688 0.251563
6 0.196094 0.667188 0.170313 0.275000
10 0.235937 0.763281 0.050000 0.085938
0 0.314844 0.689844 0.148438 0.320312
9 0.682813 0.611719 0.171875 0.164062
8 0.810156 0.616406 0.170313 0.173437
10 0.848437 0.626563 0.043750 0.087500
0 0.928906 0.613281 0.142187 0.167187