2 0.227344 0.160938 0.148438 0.293750
3 0.366406 0.178906 0.148438 0.289062
0 0.472656 0.188281 0.129688 0.307812
10 0.532031 0.299219 0.048438 0.092188
0 0.588281 0.182031 0.123438 0.317188
1 0.710938 0.291406 0.090625 0.357812
7 0.860938 0.294531 0.128125 0.376563
10 0.917188 0.453125 0.031250 0.068750
8 0.968750 0.306250 0.062500 0.384375
4 0.046875 0.756250 0.093750 0.312500
2 0.081250 0.757031 0.162500 0.314063
0 0.233594 0.757812 0.151562 0.315625
10 0.308594 0.889844 0.070312 0.101562
0 0.402344 0.775781 0.176563 0.351562
0 0.592187 0.778906 0.115625 0.357812
4 0.703125 0.711719 0.106250 0.223438
0 0.796875 0.714844 0.218750 0.229687
10 0.896094 0.767969 0.076563 0.164062
0 0.952344 0.722656 0.095312 0.245312