5 0.034375 0.274219 0.068750 0.260937
7 0.057813 0.267188 0.103125 0.231250
10 0.111719 0.354687 0.054688 0.106250
0 0.150000 0.250000 0.118750 0.243750
1 0.262500 0.232031 0.084375 0.229687
2 0.431250 0.185156 0.103125 0.370312
9 0.584375 0.171875 0.184375 0.343750
4 0.766406 0.146875 0.170313 0.293750
10 0.867969 0.254688 0.032813 0.043750
0 0.921094 0.146875 0.157812 0.293750
1 0.025000 0.952344 0.050000 0.095312
9 0.035156 0.942969 0.070312 0.114062
8 0.100000 0.938281 0.109375 0.123438
0 0.192188 0.932813 0.125000 0.134375
1 0.293750 0.927344 0.103125 0.145313
1 0.414062 0.675000 0.068750 0.306250
2 0.521094 0.667969 0.135937 0.329688
6 0.654687 0.657031 0.143750 0.317188
10 0.739844 0.780469 0.035937 0.054688
0 0.802344 0.650000 0.148438 0.318750
0 0.932031 0.632031 0.135937 0.307812