6 0.212500 0.044531 0.093750 0.089063
6 0.285156 0.057031 0.110937 0.114062
10 0.298438 0.088281 0.028125 0.032813
0 0.351562 0.050000 0.090625 0.100000
0 0.424219 0.066406 0.114062 0.132812
1 0.739062 0.326562 0.106250 0.146875
1 0.828125 0.335938 0.103125 0.128125
5 0.896875 0.337500 0.115625 0.125000
0 0.960938 0.349219 0.078125 0.101562
2 0.068750 0.454688 0.125000 0.109375
3 0.138281 0.471094 0.123438 0.142187
1 0.228125 0.485156 0.093750 0.170313
10 0.236719 0.541406 0.035937 0.060937
0 0.299219 0.499219 0.126562 0.198437
0 0.378125 0.507812 0.109375 0.215625
3 0.577344 0.636719 0.095312 0.357812
1 0.579688 0.657031 0.100000 0.320312
2 0.644531 0.690625 0.195312 0.371875
6 0.757031 0.711719 0.176563 0.345313
10 0.772656 0.848437 0.035937 0.059375
2 0.858594 0.721094 0.182812 0.351562