4 0.035156 0.153125 0.070312 0.268750
8 0.033594 0.149219 0.067187 0.295312
10 0.006250 0.232031 0.012500 0.032813
0 0.032031 0.128906 0.064062 0.257812
2 0.062500 0.126562 0.125000 0.253125
0 0.438281 0.204687 0.057813 0.259375
0 0.472656 0.193750 0.120313 0.262500
0 0.811719 0.139063 0.110937 0.240625
8 0.562500 0.177344 0.115625 0.260937
3 0.651563 0.164062 0.106250 0.253125
9 0.729688 0.151562 0.106250 0.246875
10 0.791406 0.251563 0.014063 0.021875
9 0.209375 0.575781 0.143750 0.132812
8 0.309375 0.579688 0.143750 0.140625
10 0.376563 0.526563 0.037500 0.034375
0 0.378125 0.576562 0.062500 0.134375
1 0.456250 0.692187 0.093750 0.365625
1 0.533594 0.665625 0.198437 0.312500
9 0.652344 0.664062 0.210938 0.309375
2 0.788281 0.645312 0.214062 0.271875
10 0.862500 0.713281 0.043750 0.060937
7 0.907813 0.615625 0.171875 0.212500