1 0.268750 0.201563 0.143750 0.378125
2 0.393750 0.193750 0.175000 0.387500
5 0.496094 0.198437 0.085938 0.396875
7 0.900000 0.044531 0.071875 0.089063
10 0.992969 0.010156 0.014063 0.020313
2 0.961719 0.041406 0.070312 0.082812
2 0.052344 0.875781 0.104688 0.248438
5 0.189844 0.867969 0.120313 0.264062
0 0.331250 0.867969 0.131250 0.264062
0 0.472656 0.852344 0.132812 0.295312
10 0.254688 0.989844 0.028125 0.020313
2 0.564063 0.784375 0.050000 0.228125
1 0.657031 0.779687 0.067187 0.240625
5 0.735156 0.777344 0.085938 0.235937
10 0.785937 0.871875 0.021875 0.040625
0 0.842187 0.779687 0.100000 0.225000