9 0.331250 0.124219 0.318750 0.248438
5 0.482812 0.123438 0.212500 0.246875
10 0.533594 0.182812 0.085938 0.131250
6 0.644531 0.292187 0.110937 0.153125
0 0.732812 0.310937 0.212500 0.115625
1 0.883594 0.327344 0.185938 0.082812
5 0.076563 0.485938 0.153125 0.234375
4 0.171875 0.501563 0.175000 0.265625
10 0.185156 0.614844 0.042188 0.060937
0 0.281250 0.514062 0.171875 0.290625
0 0.408594 0.543750 0.145313 0.278125
2 0.767969 0.683594 0.173437 0.307812
1 0.931250 0.734375 0.121875 0.287500
8 0.968750 0.769531 0.062500 0.292187