9 0.174219 0.308594 0.292187 0.420312
5 0.360156 0.314063 0.217188 0.409375
10 0.449219 0.477344 0.039062 0.082812
9 0.439844 0.314844 0.057813 0.407813
0 0.585156 0.244531 0.189062 0.289062
1 0.714844 0.242188 0.129688 0.281250
5 0.809375 0.227344 0.150000 0.285938
10 0.875781 0.325000 0.054688 0.093750
0 0.914844 0.217188 0.170313 0.303125
5 0.127344 0.807031 0.254688 0.385937
9 0.276562 0.794531 0.212500 0.410938
10 0.383594 0.953906 0.089063 0.092188
0 0.395313 0.781250 0.146875 0.437500
2 0.514844 0.678125 0.092188 0.318750
3 0.585938 0.669531 0.181250 0.301563
3 0.920312 0.625781 0.131250 0.214062
0 0.806250 0.642188 0.156250 0.246875
0 0.696875 0.641406 0.150000 0.245312
10 0.774219 0.735938 0.035937 0.062500