6 0.275000 0.123438 0.290625 0.246875
6 0.457813 0.115625 0.262500 0.231250
10 0.499219 0.060156 0.085938 0.120313
0 0.724219 0.155469 0.048438 0.189062
0 0.724219 0.182812 0.048438 0.187500
5 0.721875 0.197656 0.043750 0.179688
5 0.721875 0.210156 0.043750 0.179688
5 0.721875 0.223438 0.043750 0.181250
1 0.714063 0.172656 0.028125 0.167187
1 0.706250 0.282813 0.012500 0.075000
10 0.703125 0.309375 0.006250 0.018750
5 0.160156 0.542969 0.185938 0.148438
8 0.264844 0.542969 0.167187 0.148438
10 0.293750 0.585938 0.053125 0.075000
0 0.368750 0.565625 0.165625 0.193750
1 0.489844 0.557813 0.145313 0.178125
1 0.844531 0.844531 0.154688 0.310937
8 0.916406 0.850781 0.167187 0.298438