6 0.279687 0.212500 0.300000 0.412500
6 0.433594 0.209375 0.110937 0.418750
2 0.529687 0.314063 0.081250 0.209375
2 0.602344 0.281250 0.151562 0.275000
0 0.532031 0.296094 0.085938 0.245312
0 0.749219 0.264844 0.173437 0.307812
0 0.891406 0.253906 0.157812 0.329688
10 0.685156 0.403906 0.045312 0.029687
6 0.062500 0.778906 0.125000 0.351562
6 0.173437 0.750781 0.175000 0.332813
6 0.314844 0.728125 0.170313 0.334375
10 0.391406 0.841406 0.051562 0.073438
9 0.428125 0.718750 0.121875 0.350000
2 0.743750 0.496875 0.131250 0.156250
2 0.889062 0.494531 0.143750 0.151562
10 0.972656 0.512500 0.029687 0.043750