5 0.425000 0.079687 0.175000 0.159375
7 0.500000 0.075000 0.100000 0.150000
1 0.824219 0.360938 0.170313 0.237500
1 0.931250 0.351562 0.137500 0.256250
0 0.966406 0.328125 0.067187 0.303125
2 0.044531 0.570312 0.089063 0.181250
1 0.054688 0.547656 0.109375 0.135937
3 0.139844 0.540625 0.139063 0.121875
10 0.214062 0.539844 0.043750 0.073438
0 0.257812 0.552344 0.187500 0.145313
1 0.385156 0.553906 0.151562 0.148438
1 0.585156 0.617188 0.070312 0.275000
6 0.628125 0.586719 0.156250 0.214062
0 0.592187 0.602344 0.084375 0.245312
0 0.755469 0.571094 0.195312 0.182812
0 0.885156 0.565625 0.207813 0.171875
10 0.710156 0.636719 0.057813 0.107813