0 0.035937 0.211719 0.071875 0.423438
2 0.063281 0.214844 0.126562 0.423438
10 0.127344 0.346875 0.060937 0.125000
0 0.254688 0.227344 0.200000 0.414062
1 0.424219 0.236719 0.070312 0.370312
5 0.489063 0.392188 0.059375 0.234375
4 0.494531 0.394531 0.070312 0.229687
0 0.578125 0.393750 0.100000 0.231250
5 0.678125 0.400781 0.109375 0.217188
9 0.766406 0.385937 0.104688 0.246875
6 0.283594 0.814844 0.204687 0.370312
3 0.424219 0.805469 0.070312 0.389062
2 0.492969 0.894531 0.067187 0.210938
2 0.583594 0.885938 0.107813 0.228125
6 0.714063 0.886719 0.128125 0.226562
0 0.865625 0.886719 0.121875 0.226562
0 0.974219 0.878906 0.051562 0.242188