1 0.021094 0.089844 0.042188 0.179688
9 0.063281 0.084375 0.126562 0.168750
8 0.203906 0.080469 0.151562 0.160938
10 0.282031 0.014063 0.039062 0.028125
0 0.357812 0.084375 0.162500 0.168750
3 0.478906 0.100781 0.101562 0.201563
5 0.573438 0.299219 0.087500 0.179688
7 0.652344 0.303906 0.098437 0.170313
0 0.744531 0.294531 0.114062 0.189062
1 0.857031 0.290625 0.079687 0.196875
7 0.206250 0.496094 0.090625 0.214062
0 0.311719 0.513281 0.110937 0.248438
10 0.376563 0.575781 0.021875 0.042188
0 0.429688 0.494531 0.121875 0.210938
6 0.643750 0.585938 0.168750 0.393750
7 0.796094 0.562500 0.135937 0.346875
10 0.862500 0.675000 0.034375 0.065625
9 0.926562 0.581250 0.146875 0.384375