2 0.044531 0.432812 0.089063 0.440625
9 0.041406 0.432031 0.082812 0.420312
4 0.071875 0.417969 0.143750 0.376563
10 0.157031 0.575000 0.029687 0.040625
0 0.219531 0.417187 0.139063 0.403125
9 0.476562 0.291406 0.153125 0.326562
8 0.603906 0.285156 0.148438 0.345313
10 0.673438 0.406250 0.040625 0.087500
0 0.746094 0.283594 0.160938 0.332813
0 0.884375 0.267188 0.159375 0.331250
1 0.042188 0.882812 0.084375 0.234375
6 0.169531 0.867969 0.239063 0.264062
2 0.371875 0.786719 0.165625 0.214062
2 0.527344 0.792188 0.223438 0.225000
2 0.696875 0.792969 0.196875 0.226562
10 0.764062 0.775781 0.090625 0.126562
0 0.851562 0.783594 0.206250 0.207813
0 0.960156 0.778906 0.079687 0.198437