5 0.093750 0.380469 0.187500 0.317188
4 0.241406 0.400781 0.185938 0.276562
0 0.393750 0.418750 0.215625 0.240625
1 0.545312 0.442188 0.087500 0.193750
6 0.631250 0.300000 0.084375 0.325000
3 0.654687 0.313281 0.131250 0.307812
2 0.729688 0.332031 0.150000 0.289062
4 0.828125 0.346094 0.156250 0.285938
10 0.833594 0.470313 0.032813 0.053125
10 0.920312 0.366406 0.159375 0.307812
0 0.058594 0.732812 0.117188 0.300000
0 0.127344 0.753906 0.154688 0.304688
7 0.220312 0.775000 0.140625 0.284375
2 0.298438 0.793750 0.143750 0.296875
0 0.381250 0.824219 0.143750 0.282813
5 0.458594 0.839063 0.132812 0.275000
10 0.467969 0.953906 0.029687 0.070312
4 0.528125 0.863281 0.121875 0.257812
5 0.651563 0.653125 0.125000 0.228125
4 0.745313 0.678906 0.137500 0.257812
10 0.759375 0.795312 0.046875 0.065625
0 0.842187 0.705469 0.156250 0.235937
0 0.931250 0.722656 0.137500 0.276562