5 0.301563 0.135156 0.190625 0.270313
4 0.455469 0.142969 0.176563 0.285938
10 0.490625 0.257812 0.037500 0.050000
0 0.532031 0.157812 0.054688 0.315625
4 0.610156 0.335156 0.101562 0.332813
1 0.635156 0.367188 0.139063 0.315625
10 0.658594 0.500781 0.060937 0.095312
0 0.751563 0.395313 0.187500 0.343750
0 0.882812 0.422656 0.162500 0.304688
1 0.047656 0.676562 0.095312 0.153125
6 0.146875 0.678906 0.171875 0.157812
6 0.253125 0.679688 0.162500 0.159375
10 0.288281 0.648438 0.042188 0.075000
0 0.374219 0.673438 0.157812 0.146875
0 0.482031 0.672656 0.154688 0.145313
9 0.854688 0.695312 0.106250 0.190625
5 0.933594 0.705469 0.089063 0.189062
0 0.977344 0.721875 0.045312 0.193750
10 0.956250 0.785937 0.037500 0.062500