1 0.032813 0.159375 0.065625 0.318750
0 0.046875 0.164062 0.093750 0.328125
9 0.043750 0.160938 0.087500 0.321875
10 0.064844 0.298438 0.057813 0.078125
7 0.209375 0.168750 0.165625 0.337500
7 0.342187 0.208594 0.200000 0.417187
7 0.773438 0.210156 0.109375 0.298438
4 0.900000 0.220312 0.115625 0.284375
10 0.945312 0.353125 0.028125 0.046875
0 0.984375 0.233594 0.031250 0.304688
6 0.032031 0.693750 0.064062 0.168750
0 0.042969 0.690625 0.085938 0.162500
10 0.072656 0.725000 0.045312 0.078125
0 0.154688 0.688281 0.134375 0.157812
1 0.296875 0.687500 0.115625 0.156250
5 0.537500 0.698438 0.075000 0.178125
2 0.592969 0.695312 0.164062 0.171875
10 0.644531 0.644531 0.079687 0.070312
0 0.765625 0.712500 0.193750 0.206250
1 0.909375 0.678125 0.078125 0.137500