5 0.146094 0.450000 0.139063 0.300000
9 0.287500 0.447656 0.140625 0.304688
10 0.363281 0.581250 0.039062 0.037500
0 0.446094 0.456250 0.139063 0.287500
3 0.572656 0.401562 0.067187 0.396875
7 0.657031 0.421094 0.104688 0.351562
10 0.689063 0.561719 0.043750 0.076563
0 0.785937 0.435156 0.143750 0.329688
0 0.905469 0.434375 0.142187 0.331250
5 0.038281 0.878125 0.076563 0.243750
3 0.151562 0.889844 0.100000 0.220312
10 0.197656 0.978906 0.045312 0.042188
0 0.264844 0.891406 0.120313 0.217188
0 0.378906 0.903125 0.114062 0.193750
3 0.557031 0.757812 0.035937 0.231250
8 0.639062 0.764062 0.084375 0.231250
0 0.741406 0.771094 0.085938 0.242188
1 0.872656 0.773438 0.045312 0.212500
10 0.685937 0.869531 0.015625 0.029687