5 0.235937 0.221875 0.156250 0.284375
9 0.350000 0.229687 0.153125 0.268750
10 0.390625 0.357812 0.043750 0.071875
0 0.475000 0.264062 0.153125 0.265625
0 0.542188 0.315625 0.093750 0.303125
1 0.610938 0.049219 0.043750 0.098437
2 0.614062 0.047656 0.050000 0.095312
0 0.615625 0.048438 0.053125 0.096875
10 0.600000 0.078125 0.021875 0.068750
0 0.641406 0.050781 0.104688 0.101562
0 0.715625 0.071094 0.112500 0.142187
6 0.145313 0.889844 0.128125 0.220312
1 0.281250 0.907813 0.090625 0.184375
9 0.378125 0.914844 0.128125 0.170313
0 0.625000 0.561719 0.071875 0.145313
1 0.607812 0.557813 0.037500 0.137500
4 0.621875 0.571094 0.065625 0.164062
4 0.621875 0.579688 0.065625 0.181250
1 0.606250 0.587500 0.034375 0.196875
8 0.647656 0.603906 0.117188 0.229687
10 0.592969 0.688281 0.007812 0.029687