1 0.340625 0.153125 0.084375 0.284375
8 0.385156 0.151562 0.029687 0.296875
1 0.425781 0.066406 0.051562 0.132812
2 0.483594 0.070312 0.120313 0.140625
0 0.573438 0.067187 0.121875 0.134375
10 0.635938 0.025000 0.037500 0.050000
0 0.684375 0.065625 0.106250 0.131250
0 0.777344 0.064062 0.107813 0.128125
0 0.032031 0.877344 0.064062 0.245312
1 0.013281 0.871875 0.026562 0.256250
0 0.029687 0.865625 0.059375 0.268750
5 0.025781 0.856250 0.051562 0.287500
3 0.041406 0.850781 0.082812 0.298438
9 0.143750 0.835938 0.106250 0.296875
10 0.210156 0.957031 0.020313 0.035937
9 0.242969 0.896094 0.051562 0.142187
5 0.519531 0.780469 0.117188 0.229687
4 0.627344 0.780469 0.101562 0.251563
10 0.675781 0.887500 0.035937 0.062500
0 0.728906 0.777344 0.126562 0.223438
0 0.838281 0.762500 0.139063 0.265625