2 0.241406 0.271875 0.239063 0.375000
0 0.316406 0.219531 0.104688 0.401562
4 0.442188 0.361719 0.146875 0.195312
0 0.473438 0.329688 0.209375 0.259375
0 0.637500 0.297656 0.306250 0.323437
0 0.817969 0.278906 0.298438 0.360938
4 0.058594 0.840625 0.117188 0.318750
3 0.046094 0.822656 0.092188 0.354687
0 0.071875 0.769531 0.143750 0.367188
2 0.156250 0.707031 0.196875 0.342187
10 0.009375 0.935937 0.018750 0.050000
1 0.489844 0.836719 0.135937 0.235937
9 0.553906 0.822656 0.139063 0.245312
4 0.641406 0.801562 0.135937 0.228125
0 0.737500 0.789062 0.134375 0.240625
0 0.824219 0.768750 0.145313 0.243750
10 0.708594 0.875000 0.051562 0.084375