2 0.055469 0.239063 0.110937 0.381250
3 0.044531 0.243750 0.089063 0.371875
0 0.176563 0.244531 0.187500 0.370312
0 0.375781 0.235937 0.189062 0.387500
5 0.611719 0.066406 0.123438 0.132812
2 0.722656 0.055469 0.098437 0.110937
0 0.830469 0.059375 0.104688 0.118750
0 0.926562 0.060937 0.112500 0.121875
10 0.775000 0.017188 0.040625 0.034375
0 0.027344 0.782813 0.054688 0.321875
0 0.025000 0.783594 0.050000 0.295312
0 0.038281 0.796094 0.076563 0.298438
5 0.135937 0.798438 0.093750 0.296875
4 0.246094 0.805469 0.092188 0.270313
2 0.346875 0.814063 0.087500 0.287500
8 0.450000 0.815625 0.090625 0.281250
10 0.389844 0.952344 0.010937 0.020313
3 0.605469 0.684375 0.110937 0.509375
4 0.651563 0.696875 0.203125 0.534375
10 0.722656 0.897656 0.073438 0.129688
0 0.875781 0.694531 0.220312 0.529687