2 0.108594 0.144531 0.217188 0.289062
3 0.274219 0.151562 0.179688 0.303125
10 0.333594 0.258594 0.060937 0.098437
0 0.432031 0.151562 0.185938 0.303125
2 0.597656 0.263281 0.104688 0.248438
2 0.714063 0.285156 0.115625 0.239063
10 0.757031 0.385937 0.023438 0.034375
0 0.839063 0.295312 0.131250 0.246875
0 0.944531 0.310156 0.110937 0.248438
5 0.046094 0.550781 0.092188 0.101562
9 0.114844 0.550000 0.101562 0.100000
10 0.134375 0.515625 0.040625 0.031250
0 0.186719 0.544531 0.095312 0.089063
4 0.269531 0.543750 0.104688 0.087500
2 0.589063 0.868750 0.118750 0.262500
2 0.934375 0.888281 0.131250 0.223438
1 0.680469 0.890625 0.095312 0.218750
1 0.863281 0.896875 0.082812 0.206250
8 0.750781 0.884375 0.139063 0.231250
5 0.552344 0.800000 0.045312 0.168750