2 0.047656 0.186719 0.095312 0.164062
7 0.045312 0.189844 0.090625 0.157812
5 0.072656 0.182812 0.145313 0.171875
0 0.216406 0.160938 0.198437 0.215625
0 0.357812 0.153906 0.184375 0.229687
3 0.785937 0.215625 0.128125 0.106250
2 0.890625 0.200000 0.146875 0.137500
0 0.963281 0.185938 0.073438 0.165625
1 0.272656 0.701562 0.129688 0.315625
1 0.402344 0.668750 0.095312 0.309375
5 0.579688 0.557031 0.171875 0.342187
5 0.751563 0.533594 0.156250 0.339062
10 0.831250 0.664844 0.031250 0.048438
0 0.906250 0.515625 0.187500 0.371875