2 0.078125 0.090625 0.156250 0.181250
7 0.236719 0.088281 0.157812 0.176563
5 0.334375 0.080469 0.068750 0.160938
6 0.469531 0.184375 0.201563 0.368750
6 0.667188 0.192969 0.246875 0.351562
2 0.056250 0.596094 0.112500 0.454688
0 0.137500 0.601562 0.234375 0.434375
3 0.284375 0.625000 0.168750 0.468750
10 0.350000 0.793750 0.037500 0.112500
1 0.500781 0.572656 0.120313 0.339062
9 0.602344 0.592187 0.157812 0.331250
3 0.742188 0.623437 0.137500 0.359375
10 0.778125 0.742969 0.056250 0.092188
0 0.857031 0.661719 0.157812 0.364063
1 0.968750 0.663281 0.062500 0.307812