2 0.251563 0.212500 0.209375 0.359375
5 0.378125 0.230469 0.193750 0.332813
10 0.415625 0.364063 0.075000 0.103125
7 0.528125 0.264844 0.209375 0.367188
6 0.651563 0.289062 0.196875 0.343750
1 0.802344 0.168750 0.104688 0.337500
1 0.807031 0.174219 0.114062 0.348438
9 0.810156 0.199219 0.120313 0.398438
2 0.810156 0.217188 0.120313 0.409375
10 0.761719 0.372656 0.023438 0.060937
7 0.810937 0.222656 0.121875 0.389062
7 0.100781 0.725781 0.201563 0.214062
1 0.307812 0.743750 0.137500 0.250000
10 0.310156 0.853125 0.045312 0.059375
0 0.468750 0.760938 0.237500 0.284375
2 0.632031 0.789062 0.235937 0.340625
0 0.930469 0.703906 0.139063 0.170313
5 0.836719 0.697656 0.173437 0.157812
3 0.796094 0.704688 0.092188 0.171875
2 0.799219 0.700781 0.098437 0.164062
10 0.854688 0.695312 0.071875 0.103125