2 0.141406 0.214062 0.135937 0.331250
5 0.271094 0.215625 0.126562 0.321875
10 0.334375 0.334375 0.056250 0.090625
7 0.424219 0.209375 0.135937 0.340625
6 0.556250 0.214844 0.137500 0.329688
9 0.906250 0.212500 0.078125 0.203125
5 0.976562 0.215625 0.046875 0.184375
5 0.300000 0.550781 0.131250 0.314063
7 0.423438 0.536719 0.115625 0.314063
10 0.467187 0.645312 0.050000 0.084375
0 0.540625 0.533594 0.143750 0.295312
1 0.657813 0.527344 0.062500 0.289062
6 0.707031 0.841406 0.035937 0.160938
6 0.705469 0.833594 0.032813 0.189062
6 0.734375 0.841406 0.068750 0.164062
7 0.800781 0.834375 0.060937 0.159375
10 0.697656 0.899219 0.017188 0.045312