3 0.057813 0.154688 0.115625 0.309375
0 0.110937 0.154688 0.221875 0.309375
0 0.330469 0.154688 0.232813 0.309375
0 0.507031 0.154688 0.185938 0.309375
4 0.780469 0.235937 0.204687 0.146875
0 0.035156 0.508594 0.070312 0.310937
3 0.031250 0.509375 0.062500 0.315625
5 0.054688 0.528125 0.109375 0.315625
5 0.216406 0.534375 0.132812 0.303125
2 0.130469 0.533594 0.117188 0.298438
10 0.246094 0.661719 0.029687 0.064062
9 0.304688 0.545312 0.125000 0.278125
6 0.710156 0.506250 0.220312 0.393750
7 0.890625 0.518750 0.218750 0.418750
0 0.971094 0.521875 0.057813 0.425000