3 0.067187 0.137500 0.134375 0.275000
10 0.202344 0.185938 0.101562 0.150000
0 0.136719 0.136719 0.270313 0.273438
0 0.339844 0.123438 0.220312 0.246875
0 0.475781 0.056250 0.051562 0.112500
0 0.509375 0.057031 0.109375 0.114062
1 0.612500 0.050781 0.062500 0.101562
3 0.676562 0.056250 0.106250 0.112500
6 0.757031 0.055469 0.101562 0.110937
4 0.840625 0.053906 0.103125 0.107813
3 0.925781 0.053906 0.095312 0.107813
9 0.977344 0.056250 0.045312 0.112500
10 0.939844 0.036719 0.017188 0.029687
6 0.270313 0.449219 0.203125 0.160938
4 0.385937 0.445312 0.128125 0.153125
10 0.425781 0.438281 0.048438 0.098437
5 0.521094 0.603906 0.142187 0.470313
9 0.513281 0.611719 0.126562 0.470313
10 0.468750 0.789062 0.037500 0.125000
0 0.575000 0.625781 0.250000 0.442188
0 0.745313 0.671094 0.250000 0.464062