2 0.214844 0.194531 0.157812 0.289062
3 0.400781 0.178906 0.129688 0.320312
5 0.563281 0.178906 0.120313 0.320312
10 0.635938 0.313281 0.046875 0.051562
9 0.682031 0.233594 0.045312 0.210938
8 0.682813 0.235937 0.046875 0.206250
5 0.690625 0.237500 0.062500 0.203125
5 0.785156 0.239063 0.073438 0.200000
5 0.127344 0.628906 0.126562 0.267188
2 0.239844 0.601562 0.095312 0.221875
0 0.346875 0.587500 0.100000 0.237500
0 0.441406 0.572656 0.107813 0.242188
10 0.297656 0.681250 0.039062 0.071875
6 0.704688 0.641406 0.090625 0.523438
3 0.701562 0.642969 0.084375 0.520312
10 0.696094 0.860156 0.073438 0.148438
3 0.832812 0.649219 0.178125 0.501563
8 0.977344 0.641406 0.045312 0.498437