2 0.073438 0.282031 0.146875 0.354687
3 0.209375 0.243750 0.200000 0.403125
5 0.365625 0.194531 0.184375 0.364063
10 0.475000 0.330469 0.087500 0.132812
0 0.495312 0.175781 0.146875 0.351562
0 0.613281 0.077344 0.089063 0.154688
0 0.608594 0.073438 0.079687 0.146875
0 0.914062 0.065625 0.143750 0.131250
2 0.654687 0.069531 0.146875 0.139063
2 0.746875 0.071094 0.143750 0.142187
4 0.832031 0.075000 0.151562 0.150000
2 0.963281 0.066406 0.073438 0.132812
1 0.026562 0.809375 0.053125 0.353125
0 0.071094 0.779687 0.142187 0.356250
0 0.216406 0.747656 0.185938 0.367188
0 0.385937 0.708594 0.193750 0.376563
4 0.515625 0.676562 0.106250 0.362500
10 0.325781 0.874219 0.039062 0.060937
3 0.586719 0.904687 0.035937 0.140625
5 0.587500 0.899219 0.037500 0.126562
10 0.575781 0.935156 0.014063 0.048438
0 0.585938 0.882031 0.034375 0.129688
0 0.620313 0.875000 0.081250 0.131250