4 0.106250 0.285938 0.193750 0.315625
4 0.365625 0.349219 0.175000 0.289062
5 0.245312 0.313281 0.190625 0.320312
10 0.269531 0.450781 0.054688 0.085938
6 0.507031 0.352344 0.198437 0.295312
6 0.854688 0.087500 0.218750 0.175000
3 0.939844 0.092188 0.120313 0.184375
10 0.984375 0.076563 0.031250 0.112500
6 0.053906 0.649219 0.107813 0.298438
3 0.139844 0.664062 0.207813 0.328125
10 0.164062 0.797656 0.071875 0.098437
0 0.295312 0.681250 0.225000 0.362500
0 0.446875 0.710156 0.225000 0.379688
3 0.961719 0.601562 0.076563 0.203125
1 0.703906 0.537500 0.029687 0.075000
8 0.716406 0.544531 0.054688 0.089063