4 0.217969 0.100781 0.251563 0.201563
4 0.510156 0.139844 0.157812 0.279687
5 0.393750 0.123438 0.246875 0.246875
10 0.429688 0.217969 0.071875 0.107813
2 0.650000 0.185938 0.121875 0.253125
3 0.726562 0.217969 0.150000 0.245312
3 0.817969 0.244531 0.139063 0.248438
10 0.836719 0.336719 0.051562 0.070312
0 0.910156 0.266406 0.148438 0.248438
0 0.964844 0.298438 0.070312 0.243750
1 0.093750 0.739062 0.175000 0.318750
1 0.253125 0.741406 0.143750 0.323437
2 0.356250 0.766406 0.196875 0.370312
10 0.406250 0.907031 0.062500 0.079687
0 0.500781 0.801562 0.176563 0.375000
2 0.617188 0.704688 0.056250 0.206250
2 0.619531 0.727344 0.060937 0.217188
1 0.639844 0.783594 0.070312 0.185938
0 0.710156 0.782813 0.123438 0.215625
0 0.801562 0.813281 0.112500 0.198437
10 0.648438 0.860938 0.018750 0.028125