7 0.132031 0.091406 0.182812 0.182812
1 0.289844 0.091406 0.139063 0.182812
10 0.331250 0.094531 0.056250 0.123438
5 0.542969 0.054688 0.101562 0.109375
5 0.632812 0.053125 0.103125 0.106250
10 0.663281 0.010156 0.029687 0.020313
0 0.715625 0.059375 0.115625 0.118750
0 0.806250 0.053125 0.103125 0.106250
5 0.315625 0.596875 0.087500 0.296875
6 0.426563 0.549219 0.134375 0.339062
1 0.549219 0.560937 0.120313 0.296875
10 0.564063 0.671094 0.056250 0.101562
8 0.641406 0.576562 0.160938 0.328125
8 0.763281 0.584375 0.167187 0.328125