7 0.282813 0.139844 0.225000 0.279687
1 0.446094 0.120313 0.201563 0.240625
10 0.534375 0.178125 0.075000 0.128125
0 0.528906 0.108594 0.120313 0.217188
0 0.624219 0.324219 0.070312 0.229687
3 0.624219 0.303125 0.070312 0.237500
4 0.624219 0.282031 0.070312 0.220312
0 0.633594 0.264844 0.089063 0.242188
1 0.703125 0.253125 0.112500 0.212500
10 0.756250 0.328906 0.034375 0.054688
6 0.778906 0.228125 0.142187 0.234375
4 0.057813 0.575000 0.115625 0.271875
0 0.108594 0.557031 0.217188 0.235937
1 0.264844 0.527344 0.151562 0.176563
10 0.312500 0.580469 0.034375 0.054688
0 0.366406 0.522656 0.192188 0.167187
4 0.771875 0.774219 0.121875 0.207813
4 0.857812 0.764844 0.131250 0.207813
10 0.901563 0.822656 0.043750 0.070312
0 0.935156 0.751563 0.129688 0.231250