3 0.080469 0.164844 0.160938 0.329688
4 0.264062 0.164844 0.203125 0.329688
10 0.343750 0.288281 0.071875 0.082812
0 0.492969 0.164844 0.210938 0.329688
3 0.651563 0.101562 0.065625 0.203125
7 0.643750 0.087500 0.050000 0.175000
10 0.629687 0.022656 0.021875 0.045312
0 0.665625 0.096094 0.093750 0.192188
0 0.762500 0.084375 0.140625 0.168750
7 0.185938 0.594531 0.171875 0.420312
4 0.350781 0.582812 0.164062 0.396875
10 0.419531 0.739844 0.057813 0.114062
5 0.512500 0.603125 0.181250 0.478125
1 0.785156 0.625000 0.107813 0.353125
5 0.907813 0.642969 0.150000 0.348438