3 0.059375 0.231250 0.118750 0.462500
4 0.057813 0.248438 0.115625 0.496875
10 0.019531 0.428906 0.039062 0.132812
0 0.071875 0.249219 0.143750 0.498437
0 0.221094 0.265625 0.217188 0.531250
4 0.545312 0.210938 0.128125 0.281250
9 0.691406 0.191406 0.117188 0.264062
10 0.745313 0.307031 0.025000 0.035937
0 0.829688 0.210938 0.137500 0.262500
7 0.263281 0.635156 0.132812 0.192188
1 0.767969 0.575000 0.035937 0.071875
7 0.825000 0.578125 0.053125 0.078125
2 0.886719 0.578125 0.060937 0.078125
10 0.919531 0.582031 0.014063 0.026562
0 0.959375 0.578125 0.062500 0.078125