3 0.044531 0.375000 0.089063 0.325000
4 0.144531 0.353906 0.148438 0.298438
0 0.257812 0.311719 0.103125 0.317188
10 0.223438 0.446875 0.031250 0.053125
4 0.458594 0.313281 0.214062 0.367188
6 0.593750 0.280469 0.196875 0.379688
10 0.688281 0.404687 0.079687 0.103125
0 0.735938 0.247656 0.209375 0.367188
1 0.875000 0.191406 0.162500 0.348438
1 0.207813 0.692187 0.156250 0.206250
7 0.266406 0.696875 0.085938 0.215625
8 0.710156 0.796875 0.185938 0.350000
4 0.838281 0.754687 0.167187 0.315625
0 0.939063 0.757812 0.121875 0.306250
10 0.915625 0.876563 0.065625 0.103125