6 0.143750 0.224219 0.287500 0.329688
8 0.344531 0.207031 0.273438 0.364063
10 0.472656 0.371875 0.085938 0.034375
0 0.514844 0.194531 0.248438 0.389062
0 0.600000 0.194531 0.078125 0.389062
9 0.711719 0.360938 0.123438 0.056250
5 0.796875 0.351562 0.121875 0.075000
8 0.863281 0.344531 0.117188 0.089063
0 0.938281 0.336719 0.117188 0.104688
1 0.410938 0.765625 0.096875 0.184375
5 0.460156 0.756250 0.110937 0.196875
0 0.526563 0.759375 0.125000 0.200000
10 0.570312 0.804688 0.040625 0.062500
4 0.592187 0.740625 0.093750 0.193750
6 0.621094 0.728906 0.035937 0.182812
0 0.721875 0.899219 0.162500 0.201563
0 0.932031 0.867188 0.135937 0.265625
1 0.860938 0.886719 0.090625 0.226562