6 0.074219 0.267969 0.148438 0.514062
8 0.125000 0.237500 0.250000 0.475000
10 0.242188 0.376563 0.087500 0.140625
0 0.296094 0.202344 0.276562 0.404687
0 0.454688 0.192188 0.250000 0.384375
2 0.631250 0.497656 0.103125 0.310937
1 0.685156 0.440625 0.151562 0.315625
8 0.782031 0.404687 0.173437 0.303125
10 0.867969 0.504687 0.070312 0.090625
0 0.905469 0.355469 0.189062 0.317188
0 0.971094 0.335156 0.057813 0.307812
2 0.235156 0.959375 0.154688 0.081250
4 0.339844 0.957812 0.142187 0.084375
1 0.502344 0.942187 0.142187 0.115625
9 0.632031 0.856250 0.104688 0.287500
5 0.689063 0.847656 0.203125 0.304688
10 0.780469 0.951562 0.079687 0.096875
0 0.832812 0.829688 0.237500 0.340625
1 0.948438 0.821094 0.103125 0.323437