4 0.189062 0.328906 0.156250 0.289062
6 0.307812 0.335938 0.134375 0.287500
10 0.353125 0.442188 0.056250 0.075000
5 0.878906 0.104688 0.123438 0.209375
4 0.975781 0.092188 0.048438 0.184375
2 0.055469 0.675781 0.110937 0.367188
7 0.181250 0.693750 0.156250 0.393750
0 0.339844 0.707812 0.173437 0.396875
0 0.480469 0.717969 0.139063 0.370312
10 0.238281 0.839844 0.048438 0.079687
2 0.589063 0.653125 0.078125 0.346875
7 0.586719 0.683594 0.073438 0.354687
5 0.583594 0.681250 0.067187 0.321875
10 0.596875 0.825000 0.059375 0.118750
0 0.698438 0.690625 0.165625 0.356250
0 0.853125 0.716406 0.181250 0.367188