4 0.367188 0.103125 0.184375 0.206250
6 0.431250 0.115625 0.056250 0.231250
2 0.593750 0.187500 0.234375 0.375000
7 0.754687 0.228125 0.206250 0.403125
0 0.897656 0.269531 0.204687 0.407813
0 0.976562 0.306250 0.046875 0.384375
10 0.789844 0.382812 0.057813 0.084375
0 0.042969 0.696875 0.085938 0.331250
3 0.060937 0.730469 0.121875 0.320312
6 0.153125 0.766406 0.159375 0.323437
6 0.264844 0.793750 0.154688 0.315625
2 0.368750 0.832812 0.146875 0.309375
0 0.429688 0.851562 0.059375 0.296875
10 0.391406 0.984375 0.020313 0.021875
4 0.802344 0.610938 0.207813 0.184375
0 0.925000 0.614844 0.150000 0.192188
10 0.976562 0.671094 0.046875 0.092188