6 0.090625 0.266406 0.137500 0.295312
3 0.221875 0.276562 0.131250 0.293750
10 0.252344 0.380469 0.064062 0.123438
0 0.325781 0.282813 0.139063 0.284375
2 0.431250 0.290625 0.128125 0.253125
2 0.698438 0.269531 0.078125 0.282813
2 0.788281 0.292969 0.160938 0.320312
5 0.923438 0.291406 0.146875 0.304688
10 0.969531 0.412500 0.057813 0.090625
3 0.046094 0.679688 0.092188 0.140625
0 0.158594 0.675000 0.110937 0.131250
10 0.207031 0.617969 0.017188 0.017188
0 0.289844 0.676562 0.123438 0.134375
1 0.440625 0.676562 0.068750 0.134375
1 0.739062 0.804688 0.150000 0.390625
1 0.884375 0.801562 0.162500 0.384375
9 0.958594 0.804688 0.082812 0.390625