3 0.024219 0.074219 0.048438 0.148438
2 0.028125 0.081250 0.056250 0.162500
10 0.012500 0.148438 0.025000 0.081250
0 0.053906 0.098437 0.107813 0.196875
1 0.161719 0.119531 0.117188 0.239063
9 0.729688 0.035937 0.065625 0.071875
3 0.800000 0.047656 0.075000 0.095312
0 0.871875 0.051562 0.071875 0.103125
2 0.941406 0.063281 0.070312 0.126562
10 0.825000 0.082812 0.018750 0.031250
3 0.104688 0.778906 0.193750 0.220312
10 0.329688 0.697656 0.075000 0.057813
0 0.269531 0.778125 0.195312 0.218750
0 0.401562 0.767188 0.096875 0.196875
0 0.482812 0.878125 0.065625 0.243750
0 0.482812 0.885156 0.065625 0.229687
3 0.479687 0.896875 0.059375 0.206250
3 0.478125 0.904687 0.056250 0.190625
1 0.495312 0.926562 0.062500 0.146875
0 0.544531 0.923438 0.117188 0.153125
0 0.632031 0.930469 0.114062 0.139063