3 0.040625 0.337500 0.081250 0.303125
3 0.088281 0.334375 0.145313 0.290625
0 0.185156 0.312500 0.135937 0.278125
10 0.257031 0.418750 0.054688 0.093750
0 0.290625 0.309375 0.146875 0.278125
0 0.398438 0.289062 0.150000 0.246875
2 0.822656 0.044531 0.089063 0.089063
7 0.876563 0.035156 0.062500 0.070312
10 0.902344 0.050000 0.017188 0.037500
0 0.921094 0.035156 0.070312 0.070312
0 0.970313 0.028125 0.059375 0.056250
6 0.134375 0.699219 0.268750 0.420312
7 0.300000 0.680469 0.212500 0.382812
10 0.371094 0.815625 0.070312 0.106250
0 0.432031 0.681250 0.214062 0.384375
0 0.500781 0.673438 0.076563 0.368750
1 0.575000 0.797656 0.071875 0.289062
1 0.710156 0.789844 0.154688 0.323437
0 0.833594 0.775000 0.201563 0.365625
0 0.931250 0.775000 0.137500 0.378125
9 0.589844 0.790625 0.101562 0.293750
10 0.776563 0.893750 0.056250 0.084375