3 0.196875 0.235156 0.153125 0.267188
3 0.303906 0.234375 0.132812 0.268750
0 0.378906 0.218750 0.079687 0.275000
0 0.784375 0.314844 0.196875 0.107813
2 0.928125 0.292187 0.143750 0.153125
2 0.037500 0.717187 0.075000 0.315625
5 0.036719 0.696875 0.073438 0.296875
6 0.036719 0.672656 0.073438 0.276562
10 0.078906 0.769531 0.039062 0.064062
0 0.121094 0.663281 0.135937 0.279687
1 0.243750 0.625781 0.112500 0.267188
6 0.525000 0.775781 0.206250 0.332813
1 0.692969 0.765625 0.129688 0.356250
10 0.756250 0.893750 0.062500 0.100000
0 0.811719 0.753906 0.179688 0.382812
0 0.923438 0.717187 0.153125 0.350000