3 0.060156 0.172656 0.120313 0.273438
5 0.183594 0.150000 0.107813 0.268750
10 0.250781 0.260937 0.026562 0.037500
0 0.310156 0.134375 0.110937 0.262500
0 0.438281 0.121875 0.123438 0.243750
0 0.533594 0.036719 0.029687 0.073438
3 0.533594 0.037500 0.029687 0.075000
4 0.534375 0.034375 0.031250 0.068750
0 0.534375 0.038281 0.031250 0.076563
1 0.529687 0.034375 0.021875 0.068750
10 0.521875 0.026562 0.006250 0.034375
6 0.533594 0.036719 0.029687 0.073438
5 0.040625 0.571875 0.081250 0.206250
7 0.110156 0.570312 0.079687 0.184375
10 0.147656 0.644531 0.042188 0.082812
0 0.183594 0.560156 0.092188 0.192188
1 0.273438 0.549219 0.065625 0.182812
0 0.559375 0.645312 0.081250 0.346875
0 0.555469 0.632031 0.073438 0.357812
0 0.556250 0.645312 0.075000 0.350000
6 0.571094 0.635938 0.104688 0.331250
8 0.661719 0.638281 0.145313 0.323437
0 0.757031 0.627344 0.139063 0.307812
10 0.827344 0.753906 0.032813 0.054688
4 0.865625 0.631250 0.153125 0.284375