2 0.107031 0.132031 0.214062 0.264062
2 0.273438 0.117188 0.225000 0.234375
6 0.605469 0.123438 0.182812 0.246875
6 0.771094 0.103906 0.142187 0.207813
10 0.849219 0.138281 0.042188 0.070312
0 0.910937 0.113281 0.178125 0.226562
3 0.127344 0.778125 0.142187 0.325000
3 0.307812 0.746875 0.140625 0.309375
9 0.223438 0.765625 0.131250 0.281250
7 0.371875 0.723437 0.056250 0.271875
1 0.010937 0.760938 0.021875 0.153125
8 0.023438 0.754687 0.046875 0.178125
4 0.542969 0.667188 0.176563 0.356250
4 0.692187 0.649219 0.165625 0.320312
10 0.787500 0.777344 0.043750 0.064062
0 0.853125 0.650781 0.184375 0.323437
2 0.963281 0.636719 0.073438 0.295312