2 0.067969 0.159375 0.135937 0.318750
2 0.127344 0.175781 0.254688 0.351562
0 0.314063 0.193750 0.259375 0.387500
0 0.452344 0.212500 0.173437 0.425000
10 0.353906 0.340625 0.092188 0.121875
3 0.589844 0.103125 0.101562 0.206250
3 0.907813 0.144531 0.184375 0.289062
6 0.750781 0.122656 0.204687 0.245312
6 0.621875 0.102344 0.165625 0.204687
10 0.646875 0.168750 0.053125 0.084375
5 0.027344 0.855469 0.054688 0.192188
0 0.028906 0.869531 0.057813 0.192188
10 0.021094 0.945312 0.032813 0.065625
0 0.077344 0.888281 0.101562 0.204687
0 0.152344 0.892188 0.107813 0.193750
7 0.610938 0.788281 0.143750 0.423438
4 0.723437 0.803906 0.234375 0.392188
10 0.761719 0.962500 0.076563 0.075000
5 0.871875 0.809375 0.256250 0.381250
3 0.961719 0.821094 0.076563 0.357812