2 0.045312 0.285938 0.090625 0.290625
2 0.175000 0.290625 0.100000 0.281250
8 0.301563 0.300781 0.096875 0.273438
10 0.359375 0.416406 0.021875 0.035937
0 0.438281 0.303125 0.107813 0.275000
0 0.515625 0.303906 0.028125 0.267188
0 0.557031 0.364063 0.054688 0.296875
0 0.634375 0.373437 0.112500 0.309375
8 0.735938 0.382031 0.118750 0.310937
7 0.842969 0.388281 0.107813 0.301563
0 0.935156 0.410156 0.120313 0.289062
6 0.034375 0.821094 0.068750 0.182812
8 0.050781 0.818750 0.101562 0.178125
10 0.100781 0.742188 0.029687 0.025000
7 0.223438 0.819531 0.125000 0.179688
2 0.384375 0.823438 0.146875 0.187500
3 0.808594 0.864844 0.145313 0.270313
1 0.951562 0.865625 0.096875 0.268750