2 0.039062 0.206250 0.078125 0.290625
2 0.164062 0.213281 0.096875 0.282813
8 0.290625 0.225781 0.093750 0.273438
10 0.349219 0.342187 0.020313 0.037500
0 0.427344 0.230469 0.104688 0.276562
0 0.541406 0.233594 0.098437 0.267188
2 0.689063 0.128125 0.178125 0.256250
2 0.968750 0.136719 0.062500 0.273438
1 0.877344 0.129688 0.132812 0.259375
2 0.200781 0.690625 0.135937 0.337500
3 0.329688 0.707031 0.134375 0.323437
0 0.550781 0.707812 0.098437 0.303125
0 0.448437 0.696094 0.106250 0.282813
10 0.494531 0.825000 0.026562 0.059375
5 0.639844 0.800781 0.079687 0.398438
0 0.642969 0.802344 0.085938 0.395313
0 0.830469 0.804688 0.154688 0.390625
0 0.979688 0.804688 0.040625 0.390625
10 0.704688 0.985156 0.028125 0.029687