2 0.318750 0.298438 0.118750 0.218750
2 0.403125 0.286719 0.084375 0.201563
5 0.483594 0.280469 0.107813 0.217188
4 0.568750 0.278906 0.100000 0.214062
10 0.453906 0.365625 0.032813 0.056250
2 0.691406 0.400781 0.145313 0.370312
1 0.834375 0.369531 0.131250 0.282813
1 0.943750 0.342187 0.100000 0.287500
10 0.984375 0.437500 0.031250 0.093750
5 0.103906 0.787500 0.132812 0.156250
4 0.246094 0.782813 0.129688 0.146875
10 0.314063 0.721094 0.034375 0.023438
8 0.389062 0.785937 0.150000 0.153125
6 0.523438 0.783594 0.143750 0.148438
3 0.768750 0.850000 0.156250 0.281250
5 0.923438 0.828125 0.140625 0.237500
10 0.995313 0.914844 0.009375 0.048438