5 0.100000 0.111719 0.200000 0.223438
0 0.190625 0.110937 0.137500 0.221875
10 0.249219 0.202344 0.020313 0.117188
5 0.562500 0.282813 0.125000 0.250000
6 0.664062 0.310156 0.128125 0.239063
0 0.767188 0.333594 0.131250 0.192188
0 0.871875 0.353125 0.140625 0.153125
10 0.685156 0.421094 0.023438 0.017188
5 0.164844 0.762500 0.167187 0.318750
7 0.226562 0.791406 0.065625 0.301563
6 0.390625 0.710938 0.256250 0.431250
2 0.545312 0.764062 0.231250 0.425000
10 0.582031 0.913281 0.079687 0.114062
0 0.710938 0.796094 0.250000 0.398438
1 0.888281 0.818750 0.207813 0.362500