5 0.048438 0.175781 0.096875 0.351562
0 0.042969 0.175000 0.085938 0.350000
0 0.111719 0.183594 0.170313 0.367188
0 0.288281 0.180469 0.210938 0.360938
10 0.025000 0.326562 0.050000 0.112500
2 0.492969 0.445312 0.067187 0.343750
2 0.677344 0.407031 0.126562 0.326562
0 0.530469 0.426563 0.142187 0.343750
0 0.825781 0.409375 0.145313 0.365625
0 0.951562 0.390625 0.096875 0.340625
10 0.746875 0.529687 0.040625 0.071875
7 0.381250 0.965625 0.131250 0.068750
4 0.814844 0.867969 0.157812 0.176563
0 0.946094 0.870313 0.107813 0.181250