5 0.064062 0.371094 0.128125 0.476562
9 0.140625 0.389844 0.228125 0.439063
10 0.201563 0.562500 0.071875 0.093750
0 0.329688 0.400781 0.231250 0.417187
0 0.505469 0.414844 0.223438 0.389062
1 0.928906 0.079687 0.045312 0.146875
7 0.976562 0.085938 0.046875 0.159375
4 0.213281 0.678125 0.139063 0.137500
1 0.382812 0.681250 0.090625 0.143750
10 0.396094 0.675000 0.029687 0.040625
0 0.490625 0.687500 0.159375 0.156250
6 0.849219 0.655469 0.107813 0.092188
5 0.939844 0.659375 0.095312 0.100000
10 0.966406 0.625781 0.045312 0.032813