1 0.046094 0.189062 0.092188 0.378125
9 0.128906 0.217969 0.248438 0.435937
7 0.332031 0.268750 0.173437 0.387500
10 0.325000 0.440625 0.075000 0.106250
3 0.420312 0.320312 0.137500 0.437500
6 0.883594 0.156250 0.201563 0.312500
5 0.976562 0.162500 0.046875 0.325000
2 0.061719 0.646875 0.123438 0.215625
1 0.185938 0.637500 0.209375 0.196875
0 0.325781 0.642969 0.251563 0.207813
10 0.356250 0.682813 0.084375 0.106250
0 0.425000 0.654687 0.128125 0.231250
1 0.529687 0.695312 0.081250 0.312500
1 0.525000 0.716406 0.071875 0.298438
0 0.570312 0.722656 0.162500 0.314063
0 0.689844 0.769531 0.176563 0.314063
3 0.819531 0.789062 0.173437 0.303125
10 0.600000 0.846094 0.059375 0.076563