5 0.071094 0.150000 0.142187 0.300000
3 0.090625 0.152344 0.181250 0.295312
10 0.102344 0.286719 0.073438 0.026562
0 0.225000 0.167969 0.231250 0.264062
1 0.343750 0.199219 0.071875 0.201563
4 0.525000 0.071875 0.153125 0.143750
6 0.628906 0.073438 0.157812 0.146875
10 0.661719 0.051562 0.073438 0.103125
0 0.746875 0.083594 0.171875 0.167187
0 0.859375 0.087500 0.196875 0.175000
3 0.332813 0.683594 0.093750 0.251563
2 0.244531 0.656250 0.164062 0.259375
10 0.357031 0.794531 0.045312 0.073438
5 0.814844 0.581250 0.273438 0.387500
6 0.938281 0.633594 0.123438 0.404687