5 0.123438 0.085156 0.178125 0.170313
3 0.255469 0.069531 0.117188 0.139063
10 0.310156 0.062500 0.045312 0.087500
0 0.376563 0.074219 0.140625 0.148438
1 0.503906 0.059375 0.092188 0.118750
4 0.639844 0.084375 0.079687 0.168750
2 0.636719 0.082812 0.073438 0.165625
5 0.649219 0.074219 0.098437 0.148438
10 0.702344 0.017969 0.039062 0.035937
0 0.757812 0.074219 0.143750 0.148438
1 0.901563 0.070312 0.106250 0.140625
2 0.025000 0.782031 0.050000 0.229687
1 0.107031 0.779687 0.067187 0.215625
3 0.186719 0.776563 0.076563 0.187500
10 0.229687 0.866406 0.025000 0.054688
0 0.282031 0.783594 0.114062 0.223438
1 0.389062 0.778906 0.081250 0.232813
0 0.631250 0.610156 0.062500 0.160938
3 0.627344 0.607812 0.054688 0.156250
6 0.628125 0.608594 0.056250 0.157812
6 0.657813 0.607031 0.112500 0.154688
2 0.769531 0.609375 0.104688 0.159375
0 0.881250 0.610938 0.109375 0.162500
10 0.836719 0.680469 0.017188 0.020313