1 0.017188 0.210938 0.034375 0.284375
8 0.037500 0.206250 0.075000 0.328125
6 0.081250 0.186719 0.137500 0.307812
10 0.164844 0.307812 0.029687 0.050000
0 0.228906 0.178906 0.148438 0.307812
0 0.364844 0.162500 0.142187 0.300000
4 0.593750 0.188281 0.209375 0.376563
2 0.760156 0.171094 0.185938 0.342187
0 0.914844 0.156250 0.170313 0.312500
10 0.984375 0.269531 0.031250 0.104688
5 0.239844 0.630469 0.176563 0.317188
4 0.373437 0.628906 0.143750 0.289062
10 0.431250 0.744531 0.034375 0.057813
0 0.452344 0.610938 0.073438 0.300000
4 0.540625 0.801562 0.103125 0.384375
9 0.643750 0.768750 0.184375 0.390625
10 0.716406 0.901563 0.067187 0.121875
6 0.786719 0.756250 0.176563 0.365625
7 0.922656 0.717969 0.154688 0.329688