1 0.037500 0.303125 0.059375 0.284375
8 0.143750 0.299219 0.140625 0.320312
6 0.283594 0.283594 0.126562 0.304688
10 0.366406 0.405469 0.026562 0.048438
0 0.430469 0.278125 0.139063 0.303125
2 0.532813 0.342187 0.046875 0.234375
0 0.548438 0.336719 0.078125 0.245312
6 0.652344 0.322656 0.107813 0.273438
10 0.714844 0.410938 0.023438 0.040625
0 0.764844 0.302344 0.110937 0.254688
1 0.900781 0.288281 0.067187 0.264062
4 0.074219 0.585938 0.117188 0.253125
0 0.195312 0.585156 0.103125 0.251563
10 0.260937 0.673438 0.028125 0.043750
0 0.324219 0.575000 0.117188 0.231250
0 0.446094 0.582812 0.123438 0.246875
7 0.582031 0.786719 0.126562 0.285938
9 0.688281 0.775000 0.142187 0.275000
10 0.746875 0.878906 0.056250 0.098437
0 0.807813 0.764062 0.140625 0.315625
0 0.930469 0.748437 0.139063 0.287500