5 0.071875 0.232031 0.093750 0.242188
8 0.180469 0.235937 0.098437 0.228125
2 0.284375 0.237500 0.100000 0.225000
1 0.406250 0.235937 0.059375 0.228125
10 0.227344 0.321094 0.014063 0.026562
2 0.653906 0.363281 0.107813 0.435937
9 0.817969 0.388281 0.167187 0.417187
4 0.961719 0.392969 0.076563 0.373437
7 0.182031 0.925781 0.157812 0.148438
4 0.314844 0.935156 0.148438 0.129688
4 0.485156 0.942969 0.170313 0.114062
5 0.790625 0.869531 0.112500 0.257812
8 0.905469 0.869531 0.110937 0.260937
10 0.953125 0.989062 0.025000 0.021875
0 0.983594 0.873437 0.032813 0.253125