7 0.059375 0.156250 0.118750 0.312500
2 0.057813 0.163281 0.115625 0.326562
10 0.017969 0.296094 0.035937 0.107813
0 0.108594 0.196875 0.217188 0.393750
0 0.272656 0.210938 0.254688 0.421875
1 0.589844 0.070312 0.042188 0.140625
0 0.648438 0.070312 0.140625 0.140625
0 0.777344 0.072656 0.145313 0.145313
0 0.911719 0.074219 0.151562 0.148438
10 0.814844 0.088281 0.029687 0.048438
4 0.174219 0.635156 0.210938 0.151562
8 0.305469 0.639062 0.170313 0.159375
10 0.339062 0.639844 0.059375 0.085938
0 0.444531 0.644531 0.210938 0.170313
2 0.616406 0.925781 0.095312 0.148438
2 0.892969 0.963281 0.151562 0.073438
1 0.636719 0.955469 0.107813 0.089063
1 0.817969 0.969531 0.095312 0.060937
8 0.705469 0.950781 0.154688 0.098437
5 0.593750 0.893750 0.050000 0.171875