5 0.269531 0.270313 0.176563 0.284375
2 0.376563 0.224219 0.137500 0.235937
0 0.478906 0.192969 0.145313 0.251563
0 0.569531 0.163281 0.154688 0.257812
10 0.448437 0.292969 0.053125 0.076563
5 0.688281 0.282813 0.076563 0.265625
1 0.678125 0.254688 0.056250 0.265625
10 0.683594 0.355469 0.057813 0.092188
0 0.721094 0.251563 0.142187 0.278125
0 0.826562 0.232031 0.143750 0.264062
1 0.049219 0.858594 0.098437 0.282813
7 0.060156 0.832812 0.120313 0.334375
1 0.207813 0.825781 0.175000 0.348438
0 0.361719 0.806250 0.260937 0.387500
7 0.567969 0.771875 0.164062 0.425000
4 0.703906 0.859375 0.107813 0.281250
6 0.723437 0.839844 0.146875 0.320312
10 0.782813 0.969531 0.065625 0.060937
0 0.853125 0.829688 0.228125 0.340625
0 0.945312 0.810937 0.109375 0.371875