5 0.035156 0.142969 0.070312 0.226562
2 0.027344 0.103125 0.054688 0.187500
0 0.028906 0.086719 0.057813 0.173437
0 0.049219 0.074219 0.098437 0.148438
10 0.010156 0.153906 0.020313 0.060937
1 0.338281 0.173437 0.076563 0.346875
7 0.371094 0.144531 0.142187 0.289062
1 0.541406 0.120313 0.142187 0.240625
10 0.614062 0.200781 0.062500 0.085938
0 0.664062 0.104688 0.209375 0.209375
7 0.845313 0.084375 0.168750 0.168750
6 0.028906 0.563281 0.057813 0.126562
7 0.039062 0.551562 0.078125 0.103125
0 0.110937 0.555469 0.115625 0.110937
0 0.191406 0.550781 0.095312 0.101562
10 0.087500 0.555469 0.025000 0.032813
3 0.377344 0.927344 0.154688 0.145313
8 0.482812 0.917188 0.171875 0.165625
7 0.596094 0.903125 0.154688 0.193750
6 0.699219 0.896094 0.154688 0.207813
7 0.800000 0.882812 0.150000 0.234375