7 0.032813 0.386719 0.065625 0.248438
0 0.115625 0.385937 0.137500 0.293750
10 0.187500 0.460156 0.025000 0.042188
0 0.229687 0.346875 0.146875 0.275000
1 0.380469 0.324219 0.114062 0.292187
2 0.686719 0.402344 0.182812 0.304688
3 0.825000 0.377344 0.181250 0.301563
0 0.922656 0.353125 0.154688 0.318750
10 0.989844 0.442188 0.020313 0.096875
0 0.978125 0.306250 0.043750 0.328125
6 0.165625 0.850000 0.215625 0.300000
9 0.325000 0.834375 0.209375 0.268750
10 0.407031 0.889844 0.073438 0.098437
0 0.452344 0.814063 0.154688 0.228125
6 0.571875 0.925781 0.084375 0.148438
8 0.580469 0.908594 0.101562 0.182812
0 0.694531 0.892969 0.164062 0.214062
1 0.873437 0.872656 0.115625 0.254688