7 0.300781 0.109375 0.098437 0.218750
0 0.405469 0.124219 0.120313 0.248438
10 0.470313 0.186719 0.021875 0.042188
0 0.524219 0.105469 0.129688 0.210938
2 0.876563 0.053906 0.121875 0.107813
2 0.959375 0.049219 0.081250 0.098437
2 0.244531 0.771094 0.142187 0.307812
1 0.421875 0.756250 0.071875 0.293750
7 0.541406 0.739844 0.120313 0.320312
10 0.598437 0.860156 0.021875 0.039062
6 0.655469 0.686719 0.092188 0.389062
6 0.728906 0.660937 0.173437 0.375000
10 0.830469 0.805469 0.029687 0.035937
0 0.907813 0.655469 0.184375 0.382812