8 0.349219 0.139063 0.164062 0.278125
4 0.464844 0.133594 0.107813 0.267188
10 0.502344 0.250000 0.032813 0.103125
7 0.606250 0.137500 0.175000 0.275000
1 0.771094 0.151562 0.157812 0.303125
10 0.804688 0.267188 0.059375 0.125000
0 0.909375 0.167969 0.181250 0.335938
5 0.225781 0.652344 0.214062 0.245312
8 0.389844 0.657813 0.198437 0.256250
10 0.442188 0.752344 0.071875 0.126562
1 0.578906 0.614062 0.120313 0.168750
0 0.675781 0.630469 0.185938 0.201563
0 0.943750 0.664844 0.112500 0.270313
1 0.850781 0.639062 0.145313 0.218750