8 0.067187 0.088281 0.134375 0.176563
4 0.171094 0.078906 0.164062 0.157812
0 0.305469 0.077344 0.185938 0.154688
1 0.435937 0.077344 0.131250 0.154688
10 0.248438 0.064062 0.065625 0.103125
6 0.658594 0.163281 0.079687 0.326562
0 0.685937 0.161719 0.134375 0.323437
10 0.749219 0.257031 0.042188 0.060937
0 0.804688 0.145313 0.184375 0.290625
2 0.925781 0.131250 0.148438 0.262500
5 0.178906 0.522656 0.148438 0.245312
9 0.267969 0.514062 0.145313 0.228125
7 0.367969 0.504687 0.129688 0.209375
4 0.451562 0.489844 0.125000 0.179688
10 0.510156 0.553906 0.039062 0.057813
3 0.539844 0.489844 0.126562 0.179688
2 0.661719 0.871875 0.085938 0.256250
2 0.733594 0.864844 0.160938 0.270313
2 0.933594 0.859375 0.132812 0.278125
8 0.837500 0.867969 0.156250 0.264062
10 0.907813 0.964063 0.059375 0.071875