2 0.181250 0.190625 0.137500 0.346875
1 0.324219 0.200000 0.117188 0.315625
5 0.432812 0.198437 0.131250 0.337500
10 0.492969 0.309375 0.045312 0.078125
0 0.530469 0.178906 0.098437 0.332813
1 0.611719 0.060156 0.064062 0.120313
3 0.688281 0.072656 0.117188 0.145313
8 0.787500 0.072656 0.106250 0.145313
10 0.839063 0.017969 0.028125 0.035937
0 0.889844 0.069531 0.110937 0.139063
1 0.980469 0.062500 0.039062 0.125000
0 0.073438 0.667188 0.146875 0.353125
8 0.204687 0.673438 0.150000 0.346875
10 0.270313 0.762500 0.065625 0.140625
5 0.345313 0.660156 0.159375 0.360938
8 0.496875 0.661719 0.165625 0.364063
0 0.609375 0.739844 0.059375 0.248438
2 0.603125 0.721875 0.046875 0.243750
10 0.600000 0.818750 0.040625 0.093750
0 0.655469 0.733594 0.123438 0.282813
0 0.765625 0.703906 0.118750 0.260937