8 0.085156 0.068750 0.170313 0.137500
9 0.196094 0.073438 0.160938 0.146875
0 0.314844 0.068750 0.160938 0.137500
0 0.396875 0.067187 0.106250 0.134375
10 0.224219 0.017188 0.057813 0.034375
4 0.490625 0.093750 0.081250 0.187500
0 0.514062 0.107813 0.128125 0.215625
10 0.535156 0.184375 0.048438 0.075000
0 0.619531 0.125000 0.164062 0.250000
1 0.779687 0.128125 0.106250 0.256250
5 0.036719 0.578125 0.073438 0.118750
0 0.046875 0.577344 0.093750 0.117188
8 0.119531 0.583594 0.139063 0.129688
10 0.150781 0.578125 0.064062 0.071875
0 0.221094 0.589063 0.157812 0.140625
0 0.336719 0.582031 0.104688 0.126562
3 0.857812 0.860938 0.162500 0.278125
3 0.978125 0.883594 0.043750 0.232813
9 0.937500 0.883594 0.125000 0.232813
1 0.469531 0.707031 0.039062 0.151562
8 0.512500 0.721875 0.106250 0.178125