2 0.070312 0.156250 0.140625 0.312500
0 0.096094 0.168750 0.192188 0.337500
0 0.365625 0.191406 0.234375 0.382812
0 0.475000 0.232031 0.150000 0.395313
9 0.214844 0.178125 0.214062 0.356250
10 0.250000 0.312500 0.084375 0.125000
1 0.789844 0.091406 0.173437 0.182812
7 0.896094 0.112500 0.207813 0.225000
2 0.965625 0.141406 0.068750 0.282813
2 0.184375 0.584375 0.253125 0.309375
0 0.392188 0.604688 0.243750 0.350000
3 0.516406 0.623437 0.067187 0.387500
2 0.629687 0.542188 0.159375 0.225000
0 0.776563 0.557813 0.196875 0.256250
8 0.912500 0.573438 0.175000 0.287500
10 0.973437 0.678125 0.040625 0.056250