2 0.064062 0.181250 0.128125 0.362500
0 0.121875 0.157812 0.231250 0.315625
9 0.269531 0.137500 0.189062 0.275000
10 0.343750 0.207031 0.050000 0.126562
0 0.408594 0.278906 0.079687 0.326562
0 0.433594 0.263281 0.110937 0.292187
9 0.516406 0.247656 0.164062 0.332813
7 0.621875 0.217969 0.150000 0.314063
4 0.713281 0.205469 0.148438 0.310937
10 0.795312 0.336719 0.021875 0.042188
6 0.815625 0.189844 0.153125 0.320312
5 0.046875 0.835938 0.093750 0.328125
4 0.101562 0.826562 0.175000 0.346875
10 0.192969 0.966406 0.035937 0.048438
0 0.256250 0.812500 0.206250 0.362500
5 0.451562 0.607812 0.165625 0.256250
1 0.578125 0.602344 0.156250 0.245312
10 0.641406 0.666406 0.048438 0.079687
0 0.692187 0.606250 0.187500 0.253125
1 0.842969 0.589063 0.173437 0.218750