2 0.049219 0.182031 0.098437 0.360938
3 0.150000 0.167969 0.196875 0.335938
10 0.229687 0.246094 0.078125 0.114062
0 0.283594 0.145313 0.207813 0.290625
3 0.556250 0.188281 0.053125 0.220312
6 0.602344 0.186719 0.129688 0.245312
10 0.659375 0.242188 0.056250 0.090625
0 0.690625 0.155469 0.121875 0.207813
0 0.788281 0.153906 0.129688 0.245312
0 0.103906 0.707031 0.198437 0.354687
0 0.231250 0.688281 0.184375 0.317188
0 0.345313 0.677344 0.171875 0.295312
5 0.447656 0.667969 0.164062 0.276562
4 0.502344 0.645312 0.054688 0.231250
5 0.650781 0.661719 0.210938 0.264062
2 0.793750 0.648438 0.203125 0.237500
10 0.878125 0.673438 0.084375 0.115625
0 0.917188 0.614844 0.165625 0.170313