2 0.189062 0.172656 0.087500 0.276562
3 0.304688 0.173437 0.100000 0.284375
10 0.352344 0.261719 0.045312 0.085938
0 0.417187 0.160938 0.106250 0.287500
0 0.667969 0.292969 0.035937 0.248438
0 0.667969 0.301563 0.035937 0.253125
0 0.749219 0.325781 0.067187 0.232813
8 0.667188 0.305469 0.034375 0.251563
3 0.664844 0.312500 0.029687 0.246875
9 0.673438 0.317969 0.046875 0.239063
10 0.707812 0.431250 0.009375 0.021875
2 0.022656 0.695312 0.045312 0.112500
3 0.065625 0.690625 0.078125 0.103125
0 0.146875 0.696094 0.081250 0.114062
0 0.231250 0.689063 0.065625 0.100000
0 0.307812 0.685156 0.065625 0.092188
10 0.184375 0.705469 0.021875 0.054688
0 0.679688 0.734375 0.059375 0.190625
0 0.678906 0.721875 0.057813 0.165625
0 0.721875 0.721875 0.103125 0.165625
5 0.826562 0.721875 0.100000 0.165625
4 0.929688 0.710938 0.090625 0.143750