2 0.118750 0.464844 0.096875 0.192188
4 0.217969 0.455469 0.104688 0.210938
5 0.300781 0.434375 0.082812 0.187500
10 0.350781 0.493750 0.029687 0.050000
0 0.383594 0.417969 0.110937 0.204687
0 0.426563 0.403125 0.025000 0.200000
2 0.476562 0.253906 0.075000 0.273438
0 0.512500 0.239844 0.146875 0.295312
0 0.735156 0.182812 0.167187 0.275000
0 0.849219 0.165625 0.173437 0.306250
7 0.621875 0.200000 0.162500 0.290625
10 0.681250 0.287500 0.053125 0.093750
3 0.134375 0.762500 0.253125 0.365625
5 0.327344 0.735938 0.223438 0.312500
5 0.475781 0.931250 0.073438 0.137500
4 0.547656 0.918750 0.132812 0.162500
0 0.646875 0.914844 0.153125 0.170313
0 0.752344 0.888281 0.170313 0.223438