2 0.250000 0.412500 0.065625 0.184375
4 0.349219 0.425000 0.070312 0.200000
5 0.432812 0.421094 0.050000 0.179688
10 0.471875 0.489844 0.021875 0.045312
0 0.517188 0.421875 0.078125 0.193750
5 0.621875 0.146875 0.084375 0.293750
2 0.740625 0.125781 0.178125 0.251563
10 0.856250 0.220312 0.037500 0.059375
0 0.943750 0.117188 0.112500 0.234375
2 0.035937 0.680469 0.071875 0.160938
4 0.091406 0.677344 0.123438 0.154688
6 0.215625 0.679688 0.131250 0.159375
10 0.276562 0.620313 0.040625 0.040625
0 0.344531 0.687500 0.123438 0.175000
0 0.475000 0.680469 0.125000 0.160938
3 0.597656 0.652344 0.035937 0.104688
6 0.601562 0.661719 0.043750 0.123438
10 0.615625 0.671875 0.040625 0.084375
0 0.660156 0.648438 0.089063 0.096875
0 0.757031 0.661719 0.089063 0.123438