4 0.064844 0.121875 0.129688 0.243750
3 0.210938 0.122656 0.137500 0.245312
10 0.270313 0.208594 0.050000 0.107813
0 0.350000 0.125000 0.137500 0.250000
0 0.488281 0.117969 0.139063 0.235937
2 0.614062 0.075000 0.050000 0.150000
1 0.600781 0.073438 0.023438 0.146875
7 0.716406 0.078125 0.076563 0.156250
0 0.838281 0.078125 0.098437 0.156250
10 0.765625 0.111719 0.018750 0.039062
0 0.961719 0.077344 0.076563 0.154688
2 0.160156 0.561719 0.157812 0.223438
2 0.374219 0.561719 0.157812 0.223438
5 0.551562 0.554688 0.075000 0.209375
6 0.622656 0.586719 0.067187 0.273438
7 0.632812 0.602344 0.087500 0.304688
10 0.682813 0.717969 0.037500 0.076563
0 0.760156 0.595313 0.123438 0.290625
0 0.891406 0.619531 0.114062 0.314063