1 0.038281 0.090625 0.076563 0.181250
7 0.079687 0.088281 0.159375 0.176563
2 0.184375 0.104688 0.209375 0.209375
10 0.216406 0.172656 0.076563 0.098437
3 0.348438 0.125000 0.240625 0.250000
2 0.797656 0.076563 0.148438 0.153125
0 0.900781 0.096875 0.148438 0.193750
7 0.968750 0.099219 0.062500 0.198437
6 0.264844 0.754687 0.167187 0.315625
8 0.412500 0.780469 0.153125 0.320312
10 0.448437 0.919531 0.028125 0.045312
3 0.636719 0.829688 0.173437 0.325000
5 0.776563 0.846094 0.159375 0.307812
0 0.921094 0.853125 0.157812 0.293750
10 0.818750 0.976562 0.037500 0.046875