1 0.059375 0.335938 0.118750 0.306250
7 0.176563 0.340625 0.200000 0.296875
2 0.321875 0.351562 0.193750 0.275000
10 0.392188 0.469531 0.071875 0.039062
3 0.458594 0.339062 0.160938 0.300000
1 0.578125 0.307031 0.078125 0.364063
7 0.635156 0.293750 0.192188 0.390625
9 0.789844 0.287500 0.210938 0.403125
10 0.884375 0.442188 0.078125 0.093750
4 0.927344 0.279687 0.145313 0.403125
5 0.125000 0.936719 0.128125 0.126562
4 0.266406 0.932813 0.132812 0.134375
0 0.401562 0.928906 0.140625 0.142187
2 0.696875 0.642188 0.134375 0.256250
3 0.795312 0.648438 0.128125 0.278125
2 0.892969 0.639844 0.132812 0.251563
8 0.963281 0.641406 0.073438 0.270313
10 0.846094 0.722656 0.060937 0.079687