6 0.067969 0.132812 0.135937 0.265625
6 0.174219 0.132031 0.164062 0.264062
10 0.250781 0.196875 0.054688 0.075000
0 0.300781 0.116406 0.176563 0.232813
0 0.385156 0.102344 0.107813 0.204687
7 0.811719 0.154688 0.339062 0.309375
7 0.584375 0.154688 0.290625 0.309375
10 0.958594 0.271875 0.082812 0.075000
6 0.219531 0.775000 0.160938 0.306250
10 0.310937 0.887500 0.031250 0.043750
1 0.388281 0.752344 0.101562 0.317188
6 0.532813 0.717969 0.187500 0.564063
6 0.687500 0.698438 0.306250 0.581250
10 0.831250 0.879687 0.100000 0.178125