6 0.080469 0.357812 0.160938 0.281250
6 0.200000 0.394531 0.143750 0.270313
10 0.242969 0.494531 0.048438 0.070312
0 0.331250 0.395313 0.156250 0.268750
0 0.402344 0.403906 0.054688 0.251563
3 0.529687 0.096875 0.112500 0.193750
4 0.644531 0.105469 0.104688 0.210938
8 0.767969 0.116406 0.132812 0.232813
0 0.893750 0.119531 0.134375 0.239063
10 0.685156 0.192969 0.026562 0.045312
4 0.200000 0.683594 0.200000 0.307812
6 0.336719 0.714063 0.167187 0.368750
10 0.371094 0.812500 0.039062 0.081250
0 0.408594 0.691406 0.042188 0.323437
1 0.474219 0.607812 0.082812 0.156250
3 0.585156 0.615625 0.123438 0.171875
5 0.722656 0.621094 0.129688 0.182812
10 0.771094 0.679688 0.023438 0.034375
0 0.854688 0.642188 0.153125 0.225000
0 0.956250 0.638281 0.087500 0.217188