1 0.043750 0.186719 0.087500 0.373437
7 0.046875 0.211719 0.093750 0.370312
6 0.120313 0.239844 0.196875 0.373437
10 0.163281 0.378906 0.070312 0.104688
10 0.272656 0.256250 0.192188 0.340625
7 0.596875 0.208594 0.056250 0.242188
4 0.646094 0.235156 0.117188 0.232813
10 0.671875 0.347656 0.025000 0.039062
0 0.752344 0.264844 0.129688 0.248438
0 0.861719 0.285156 0.120313 0.239063
1 0.032813 0.586719 0.065625 0.154688
0 0.041406 0.589844 0.082812 0.160938
8 0.079687 0.588281 0.159375 0.157812
10 0.115625 0.593750 0.065625 0.106250
0 0.210156 0.595313 0.182812 0.171875
1 0.375000 0.586719 0.118750 0.154688
0 0.725000 0.710156 0.131250 0.264062
0 0.825000 0.731250 0.125000 0.246875
4 0.921094 0.752344 0.107813 0.229687
2 0.975000 0.767188 0.050000 0.234375