1 0.138281 0.392969 0.142187 0.470313
7 0.317188 0.383594 0.153125 0.448437
6 0.465625 0.375781 0.171875 0.448437
10 0.557813 0.530469 0.065625 0.123438
10 0.609375 0.343750 0.081250 0.409375
6 0.696094 0.217188 0.092188 0.434375
3 0.692969 0.215625 0.085938 0.431250
10 0.678125 0.386719 0.056250 0.148438
3 0.806250 0.212500 0.181250 0.425000
8 0.963281 0.207031 0.073438 0.414062
1 0.026562 0.825000 0.053125 0.350000
7 0.057813 0.822656 0.115625 0.345313
1 0.285156 0.819531 0.092188 0.339062
10 0.335156 0.953125 0.060937 0.093750
0 0.443750 0.811719 0.184375 0.323437
2 0.748437 0.874219 0.140625 0.251563
1 0.910156 0.866406 0.123438 0.267188
8 0.971094 0.859375 0.057813 0.281250