2 0.052344 0.104688 0.104688 0.209375
2 0.157031 0.110156 0.210938 0.220312
2 0.325781 0.111719 0.185938 0.223438
10 0.370312 0.080469 0.087500 0.123438
0 0.478906 0.101562 0.195312 0.203125
0 0.631250 0.097656 0.162500 0.195312
1 0.757031 0.129688 0.076563 0.259375
6 0.846875 0.142187 0.128125 0.284375
10 0.890625 0.245312 0.053125 0.096875
0 0.953125 0.138281 0.093750 0.276562
9 0.241406 0.666406 0.142187 0.320312
8 0.369531 0.674219 0.139063 0.339062
10 0.420312 0.803125 0.037500 0.084375
0 0.510156 0.689063 0.151562 0.325000
0 0.646094 0.688281 0.145313 0.323437
9 0.749219 0.603125 0.060937 0.312500
5 0.792969 0.618750 0.110937 0.303125
10 0.849219 0.751563 0.039062 0.050000
0 0.934375 0.637500 0.131250 0.315625