2 0.049219 0.305469 0.098437 0.420312
2 0.161719 0.308594 0.195312 0.439063
2 0.330469 0.320312 0.170313 0.446875
10 0.379688 0.485156 0.084375 0.123438
0 0.430469 0.337500 0.076563 0.406250
7 0.514844 0.144531 0.092188 0.282813
9 0.612500 0.144531 0.125000 0.270313
10 0.657813 0.253906 0.050000 0.098437
0 0.732812 0.151562 0.121875 0.303125
0 0.857812 0.147656 0.121875 0.282813
4 0.301563 0.850000 0.093750 0.250000
3 0.432031 0.821875 0.073438 0.240625
2 0.557813 0.871094 0.178125 0.257812
2 0.878125 0.892969 0.140625 0.214062
1 0.746875 0.887500 0.131250 0.225000