5 0.360938 0.207813 0.068750 0.228125
2 0.450781 0.200781 0.057813 0.229687
1 0.489063 0.078906 0.018750 0.157812
9 0.556250 0.085156 0.121875 0.170313
6 0.711719 0.078906 0.114062 0.157812
10 0.777344 0.085156 0.017188 0.039062
0 0.868750 0.085156 0.125000 0.170313
2 0.326562 0.801562 0.093750 0.250000
9 0.414062 0.797656 0.075000 0.217188
10 0.453906 0.886719 0.026562 0.076563
3 0.595313 0.660156 0.100000 0.260937
0 0.726562 0.653906 0.109375 0.248438
0 0.882031 0.656250 0.126562 0.253125
10 0.781250 0.756250 0.021875 0.050000