7 0.064062 0.274219 0.128125 0.229687
9 0.174219 0.264062 0.170313 0.250000
0 0.309375 0.251563 0.181250 0.275000
0 0.439063 0.235156 0.178125 0.307812
2 0.671094 0.170313 0.123438 0.340625
2 0.674219 0.165625 0.129688 0.331250
5 0.706250 0.132031 0.193750 0.264062
10 0.780469 0.190625 0.089063 0.121875
0 0.841406 0.110937 0.239063 0.221875
2 0.065625 0.692969 0.131250 0.460938
1 0.172656 0.618750 0.145313 0.403125
10 0.267969 0.786719 0.045312 0.057813
5 0.318750 0.592969 0.231250 0.407813
9 0.502344 0.556250 0.214062 0.334375
6 0.864844 0.842969 0.220312 0.314063
3 0.956250 0.837500 0.087500 0.325000