7 0.211719 0.177344 0.114062 0.270313
6 0.325000 0.207031 0.090625 0.314063
6 0.354687 0.171094 0.150000 0.298438
10 0.421094 0.267969 0.048438 0.064062
0 0.464844 0.152344 0.151562 0.285938
0 0.573438 0.127344 0.156250 0.254688
2 0.041406 0.893750 0.082812 0.212500
9 0.039062 0.886719 0.078125 0.226562
4 0.036719 0.878906 0.073438 0.242188
0 0.094531 0.864844 0.164062 0.270313
1 0.188281 0.857031 0.092188 0.285938
0 0.327344 0.911719 0.095312 0.176563
0 0.411719 0.904687 0.098437 0.190625
2 0.503906 0.895312 0.104688 0.209375
7 0.598437 0.885156 0.090625 0.229687
1 0.703125 0.866406 0.062500 0.214062
9 0.769531 0.853125 0.098437 0.218750
10 0.825781 0.933594 0.017188 0.029687
5 0.857812 0.833594 0.093750 0.220312