3 0.051562 0.208594 0.103125 0.320312
5 0.178906 0.215625 0.135937 0.303125
3 0.297656 0.206250 0.104688 0.268750
10 0.353125 0.314063 0.037500 0.075000
0 0.510156 0.354687 0.089063 0.246875
1 0.613281 0.349219 0.032813 0.223438
4 0.678125 0.346094 0.081250 0.226562
9 0.749219 0.346875 0.079687 0.237500
5 0.836719 0.344531 0.079687 0.235937
8 0.907031 0.337500 0.076563 0.225000
0 0.971875 0.336719 0.056250 0.226562
10 0.946875 0.439063 0.012500 0.031250
0 0.034375 0.806250 0.068750 0.212500
0 0.114844 0.802344 0.089063 0.204687
0 0.210156 0.801562 0.076563 0.203125
3 0.302344 0.796875 0.067187 0.193750
9 0.364063 0.792969 0.031250 0.185938
1 0.604688 0.834375 0.068750 0.268750
0 0.718750 0.830469 0.121875 0.260937
9 0.859375 0.817187 0.109375 0.234375
10 0.925781 0.907813 0.035937 0.068750
0 0.969531 0.818750 0.060937 0.237500