3 0.046875 0.269531 0.093750 0.332813
5 0.128125 0.310156 0.178125 0.314063
3 0.245312 0.325781 0.143750 0.276562
10 0.276562 0.444531 0.046875 0.076563
3 0.385937 0.348438 0.159375 0.290625
6 0.608594 0.294531 0.098437 0.382812
4 0.632812 0.324219 0.146875 0.364063
10 0.667188 0.498437 0.037500 0.053125
0 0.789062 0.359375 0.187500 0.384375
1 0.981250 0.391406 0.037500 0.354687
6 0.185938 0.810937 0.203125 0.303125
6 0.349219 0.819531 0.160938 0.320312
10 0.391406 0.933594 0.045312 0.070312
0 0.472656 0.829688 0.173437 0.340625
1 0.589844 0.914844 0.060937 0.170313
2 0.606250 0.916406 0.093750 0.167187
0 0.604688 0.922656 0.090625 0.154688
5 0.649219 0.939063 0.176563 0.121875
2 0.796094 0.944531 0.189062 0.110937