9 0.078906 0.244531 0.157812 0.489063
1 0.046875 0.204687 0.093750 0.409375
1 0.302344 0.171094 0.095312 0.342187
0 0.118750 0.191406 0.237500 0.382812
10 0.020313 0.336719 0.040625 0.123438
8 0.696875 0.196094 0.171875 0.357812
8 0.848437 0.158594 0.162500 0.317188
5 0.955469 0.150000 0.089063 0.300000
10 0.784375 0.310156 0.068750 0.117188
3 0.034375 0.739844 0.068750 0.282813
0 0.054688 0.728906 0.109375 0.295312
7 0.154688 0.735156 0.140625 0.273438
10 0.206250 0.821094 0.043750 0.070312
7 0.267969 0.726562 0.142187 0.293750
3 0.324219 0.726562 0.051562 0.293750
3 0.408594 0.775781 0.117188 0.392188
4 0.516406 0.745313 0.220312 0.331250
10 0.622656 0.850781 0.070312 0.114062
0 0.706250 0.747656 0.228125 0.335938
0 0.880469 0.733594 0.232813 0.307812