9 0.068750 0.135937 0.137500 0.271875
1 0.036719 0.125781 0.073438 0.251563
1 0.245312 0.123438 0.087500 0.246875
0 0.071094 0.127344 0.142187 0.254688
10 0.015625 0.174219 0.031250 0.120313
2 0.350781 0.098437 0.089063 0.196875
1 0.496875 0.103125 0.040625 0.206250
3 0.582812 0.110156 0.090625 0.220312
10 0.626563 0.198437 0.021875 0.040625
0 0.692969 0.111719 0.092188 0.223438
0 0.799219 0.110156 0.095312 0.220312
5 0.243750 0.710938 0.090625 0.278125
8 0.371875 0.653125 0.165625 0.268750
9 0.513281 0.664844 0.151562 0.292187
0 0.664062 0.654687 0.156250 0.271875
0 0.798438 0.658594 0.143750 0.279687
10 0.577344 0.764062 0.060937 0.081250