2 0.144531 0.092969 0.220312 0.185938
2 0.298438 0.085156 0.178125 0.170313
1 0.450781 0.113281 0.142187 0.226562
5 0.674219 0.082031 0.110937 0.164062
7 0.771875 0.085938 0.140625 0.171875
10 0.792969 0.168750 0.051562 0.087500
0 0.877344 0.095312 0.145313 0.190625
1 0.969531 0.110937 0.060937 0.221875
4 0.117969 0.705469 0.235937 0.589063
7 0.324219 0.719531 0.242188 0.560937
10 0.365625 0.953125 0.093750 0.093750
0 0.510156 0.757812 0.217188 0.484375
5 0.644531 0.626563 0.051562 0.246875
6 0.664062 0.650781 0.090625 0.248438
0 0.763281 0.686719 0.110937 0.245312
0 0.869531 0.715625 0.120313 0.246875
10 0.686719 0.762500 0.020313 0.034375