2 0.061719 0.326562 0.123438 0.246875
2 0.175781 0.326562 0.114062 0.246875
1 0.303906 0.332031 0.082812 0.235937
5 0.677344 0.247656 0.054688 0.320312
0 0.676562 0.247656 0.053125 0.314063
0 0.676562 0.246875 0.053125 0.303125
0 0.697656 0.246094 0.095312 0.320312
0 0.844531 0.240625 0.107813 0.331250
0 0.218750 0.653906 0.093750 0.248438
0 0.314063 0.646875 0.090625 0.250000
5 0.407813 0.642969 0.078125 0.248438
2 0.499219 0.636719 0.085938 0.239063
2 0.344531 0.835156 0.054688 0.126562
4 0.589844 0.622656 0.092188 0.220312
3 0.753125 0.708594 0.146875 0.420312
1 0.946875 0.704688 0.059375 0.356250