3 0.171875 0.461719 0.284375 0.314063
3 0.342187 0.438281 0.228125 0.360938
10 0.458594 0.585938 0.092188 0.065625
0 0.489063 0.412500 0.200000 0.412500
3 0.748437 0.199219 0.143750 0.301563
7 0.890625 0.175000 0.140625 0.300000
0 0.960938 0.159375 0.078125 0.318750
10 0.967969 0.285156 0.023438 0.039062
6 0.103125 0.790625 0.206250 0.343750
0 0.240625 0.776563 0.221875 0.315625
10 0.299219 0.844531 0.070312 0.098437
7 0.367969 0.756250 0.195312 0.275000
1 0.690625 0.809375 0.203125 0.381250
7 0.846875 0.809375 0.240625 0.381250
6 0.931250 0.793750 0.137500 0.350000