0 0.331250 0.123438 0.187500 0.246875
1 0.448437 0.116406 0.103125 0.232813
4 0.532813 0.073438 0.065625 0.146875
3 0.621094 0.061719 0.110937 0.123438
10 0.692969 0.040625 0.026562 0.040625
0 0.738281 0.064062 0.139063 0.128125
0 0.850781 0.065625 0.142187 0.131250
1 0.064062 0.783594 0.128125 0.367188
7 0.179688 0.776563 0.215625 0.356250
2 0.327344 0.779687 0.207813 0.343750
10 0.408594 0.892188 0.076563 0.100000
3 0.435937 0.750000 0.128125 0.362500
4 0.748437 0.567969 0.193750 0.370312
7 0.925000 0.532813 0.150000 0.365625