0 0.269531 0.072656 0.195312 0.145313
1 0.392188 0.080469 0.137500 0.160938
5 0.478906 0.092969 0.142187 0.185938
10 0.509375 0.157031 0.059375 0.095312
0 0.525000 0.114062 0.050000 0.228125
5 0.620313 0.116406 0.140625 0.232813
2 0.725781 0.136719 0.207813 0.273438
10 0.761719 0.203906 0.085938 0.117188
0 0.867188 0.135156 0.193750 0.270313
0 0.950781 0.133594 0.098437 0.267188
2 0.062500 0.525781 0.125000 0.232813
5 0.156250 0.528125 0.181250 0.237500
10 0.200781 0.613281 0.070312 0.101562
7 0.307812 0.553906 0.193750 0.289062
6 0.437500 0.560937 0.193750 0.303125
6 0.645312 0.835156 0.181250 0.298438
5 0.762500 0.857031 0.162500 0.285938
10 0.796094 0.971875 0.054688 0.056250
0 0.896094 0.868750 0.195312 0.262500
0 0.956250 0.882031 0.087500 0.235937