6 0.106250 0.154688 0.212500 0.309375
1 0.352344 0.154688 0.226562 0.309375
0 0.446875 0.154688 0.106250 0.309375
8 0.947656 0.067187 0.104688 0.134375
5 0.044531 0.546094 0.089063 0.295312
0 0.094531 0.505469 0.167187 0.292187
8 0.212500 0.481250 0.165625 0.321875
10 0.300000 0.598437 0.078125 0.087500
0 0.346875 0.480469 0.190625 0.342187
0 0.464844 0.457031 0.070312 0.292187
9 0.641406 0.428125 0.082812 0.181250
3 0.729688 0.417969 0.100000 0.217188
0 0.818750 0.407031 0.093750 0.195312
2 0.909375 0.407813 0.090625 0.196875
10 0.789844 0.497656 0.023438 0.039062