6 0.161719 0.163281 0.323437 0.326562
1 0.429688 0.152344 0.118750 0.304688
10 0.475000 0.188281 0.028125 0.179688
9 0.536719 0.203906 0.095312 0.407813
9 0.580469 0.209375 0.182812 0.418750
9 0.728125 0.193750 0.234375 0.387500
10 0.802344 0.338281 0.085938 0.139063
0 0.903125 0.200000 0.193750 0.400000
2 0.036719 0.676562 0.073438 0.346875
8 0.051562 0.692969 0.103125 0.335938
2 0.177344 0.703906 0.135937 0.310937
10 0.226562 0.827344 0.037500 0.048438
0 0.313281 0.699219 0.148438 0.301563
0 0.433594 0.728125 0.110937 0.315625
1 0.514844 0.612500 0.051562 0.265625
8 0.528125 0.634375 0.078125 0.309375
0 0.545312 0.625781 0.112500 0.292187
0 0.675781 0.645312 0.139063 0.325000
0 0.832812 0.666406 0.181250 0.342187
10 0.578125 0.784375 0.059375 0.109375