3 0.360938 0.253125 0.190625 0.328125
5 0.500000 0.286719 0.175000 0.326562
0 0.603906 0.312500 0.092188 0.328125
10 0.539062 0.415625 0.040625 0.053125
1 0.696875 0.121875 0.093750 0.243750
2 0.767969 0.153906 0.235937 0.307812
8 0.900781 0.169531 0.198437 0.339062
8 0.083594 0.617969 0.167187 0.176563
4 0.200781 0.609375 0.179688 0.159375
0 0.321875 0.623437 0.200000 0.187500
1 0.450000 0.639844 0.146875 0.220312
10 0.221094 0.645312 0.070312 0.103125
2 0.693750 0.886719 0.087500 0.226562
8 0.789062 0.899219 0.150000 0.201563
9 0.921094 0.910937 0.151562 0.178125