8 0.036719 0.232813 0.073438 0.293750
2 0.075781 0.208594 0.142187 0.279687
4 0.182031 0.189844 0.129688 0.235937
10 0.256250 0.291406 0.075000 0.110937
1 0.345313 0.191406 0.128125 0.282813
4 0.605469 0.312500 0.110937 0.353125
4 0.734375 0.282031 0.203125 0.364063
5 0.617969 0.292969 0.135937 0.392188
10 0.664844 0.439063 0.064062 0.100000
6 0.896875 0.233594 0.206250 0.404687
4 0.228906 0.885938 0.145313 0.228125
4 0.322656 0.880469 0.117188 0.229687
10 0.389844 0.953125 0.057813 0.093750
0 0.428906 0.867969 0.126562 0.239063
0 0.500781 0.842969 0.098437 0.292187
0 0.928125 0.648438 0.125000 0.234375
0 0.978906 0.637500 0.042188 0.243750
5 0.824219 0.664844 0.117188 0.245312
3 0.730469 0.675000 0.135937 0.290625
10 0.882812 0.755469 0.050000 0.076563