8 0.050781 0.072656 0.101562 0.145313
2 0.142969 0.069531 0.142187 0.139063
4 0.248438 0.058594 0.131250 0.117188
10 0.292187 0.064062 0.075000 0.112500
4 0.614062 0.296094 0.231250 0.404687
7 0.786719 0.317188 0.195312 0.362500
10 0.828125 0.430469 0.065625 0.101562
9 0.916406 0.328125 0.167187 0.362500
3 0.038281 0.659375 0.076563 0.287500
0 0.049219 0.680469 0.098437 0.298438
7 0.128906 0.720313 0.154688 0.278125
10 0.154688 0.818750 0.046875 0.071875
7 0.245312 0.735156 0.159375 0.320312
3 0.296094 0.757812 0.067187 0.334375
1 0.643750 0.731250 0.096875 0.290625
3 0.754687 0.745313 0.137500 0.296875
5 0.892969 0.761719 0.145313 0.298438
10 0.939063 0.876563 0.025000 0.034375
0 0.969531 0.798438 0.060937 0.312500