1 0.063281 0.150781 0.126562 0.301563
9 0.082812 0.150781 0.165625 0.301563
9 0.075000 0.141406 0.150000 0.282813
10 0.037500 0.107031 0.075000 0.167187
0 0.139844 0.140625 0.279687 0.281250
4 0.644531 0.232031 0.214062 0.314063
3 0.792188 0.207813 0.209375 0.362500
10 0.874219 0.331250 0.073438 0.115625
0 0.910937 0.182812 0.178125 0.365625
2 0.198437 0.525000 0.240625 0.271875
1 0.360156 0.798438 0.082812 0.396875
2 0.470313 0.752344 0.203125 0.392188
5 0.657031 0.711719 0.201563 0.398438
10 0.778906 0.860156 0.039062 0.051562
0 0.850000 0.670312 0.221875 0.406250
0 0.962500 0.630469 0.075000 0.448437