1 0.053125 0.174219 0.106250 0.348438
9 0.072656 0.186719 0.145313 0.373437
9 0.118750 0.197656 0.237500 0.395313
10 0.160938 0.323437 0.090625 0.165625
0 0.321094 0.206250 0.298438 0.412500
1 0.775000 0.314844 0.075000 0.239063
0 0.836719 0.319531 0.123438 0.276562
0 0.919531 0.334375 0.120313 0.262500
8 0.969531 0.348438 0.060937 0.271875
1 0.154688 0.639844 0.103125 0.142187
8 0.251563 0.643750 0.156250 0.150000
2 0.360156 0.639062 0.145313 0.140625
10 0.401562 0.614062 0.053125 0.084375
0 0.480469 0.643750 0.139063 0.150000
3 0.788281 0.910156 0.110937 0.179688
0 0.878125 0.919531 0.109375 0.160938
1 0.967187 0.918750 0.065625 0.162500