3 0.039062 0.154688 0.078125 0.309375
5 0.074219 0.179688 0.145313 0.259375
0 0.265625 0.195312 0.146875 0.228125
1 0.453906 0.201563 0.051562 0.215625
0 0.548438 0.203125 0.112500 0.212500
5 0.664062 0.200781 0.078125 0.217188
0 0.786719 0.203125 0.098437 0.212500
1 0.936719 0.204687 0.064062 0.209375
2 0.248438 0.530469 0.112500 0.310937
0 0.319531 0.530469 0.039062 0.276562
2 0.541406 0.661719 0.110937 0.285938
1 0.685937 0.664062 0.090625 0.259375
0 0.796875 0.663281 0.106250 0.276562
10 0.838281 0.760156 0.032813 0.054688
0 0.907031 0.667969 0.095312 0.301563
0 0.985938 0.678125 0.028125 0.271875