6 0.152344 0.187500 0.192188 0.375000
9 0.314063 0.203125 0.187500 0.384375
10 0.350000 0.341406 0.068750 0.095312
0 0.443750 0.225000 0.131250 0.368750
6 0.555469 0.185156 0.092188 0.370312
0 0.558594 0.202344 0.098437 0.404687
0 0.671875 0.204687 0.228125 0.409375
1 0.930469 0.228125 0.126562 0.362500
10 0.527344 0.383594 0.029687 0.051562
1 0.027344 0.544531 0.054688 0.245312
3 0.079687 0.561719 0.140625 0.295312
8 0.177344 0.573438 0.129688 0.296875
10 0.212500 0.660937 0.034375 0.075000
0 0.281250 0.583594 0.134375 0.282813
1 0.396875 0.592187 0.112500 0.256250
6 0.548438 0.548438 0.078125 0.278125
5 0.625781 0.555469 0.145313 0.292187
10 0.668750 0.682031 0.037500 0.057813
0 0.783594 0.572656 0.167187 0.326562
0 0.926562 0.592187 0.146875 0.318750