3 0.125781 0.104688 0.170313 0.209375
4 0.285938 0.087500 0.087500 0.175000
6 0.765625 0.369531 0.071875 0.217188
0 0.863281 0.383594 0.082812 0.220312
10 0.912500 0.475000 0.021875 0.050000
0 0.958594 0.390625 0.082812 0.218750
6 0.032813 0.753125 0.065625 0.281250
5 0.027344 0.759375 0.054688 0.290625
10 0.009375 0.872656 0.018750 0.082812
0 0.053125 0.758594 0.106250 0.289062
0 0.147656 0.770312 0.132812 0.306250
2 0.555469 0.580469 0.145313 0.160938
4 0.703125 0.577344 0.125000 0.154688
6 0.827344 0.581250 0.132812 0.162500
10 0.887500 0.621094 0.040625 0.082812
0 0.947656 0.596875 0.104688 0.193750