3 0.061719 0.221094 0.123438 0.442188
4 0.090625 0.262500 0.181250 0.375000
10 0.097656 0.427344 0.039062 0.054688
0 0.235937 0.308594 0.240625 0.382812
7 0.474219 0.221875 0.210938 0.412500
1 0.692969 0.275781 0.126562 0.379688
10 0.706250 0.447656 0.043750 0.060937
0 0.856250 0.303906 0.228125 0.395313
2 0.954688 0.345313 0.090625 0.425000
5 0.296875 0.807031 0.143750 0.270313
3 0.351562 0.828906 0.034375 0.273438
0 0.610156 0.690625 0.279687 0.243750
8 0.797656 0.679688 0.260937 0.221875
10 0.852344 0.650781 0.085938 0.129688
0 0.926562 0.682031 0.146875 0.226562