1 0.145313 0.367969 0.096875 0.064062
8 0.270313 0.353906 0.153125 0.092188
8 0.396094 0.346094 0.164062 0.107813
6 0.728906 0.349219 0.179688 0.101562
8 0.878125 0.332813 0.168750 0.134375
8 0.326562 0.821094 0.159375 0.342187
4 0.457031 0.792188 0.142187 0.309375
0 0.563281 0.810937 0.110937 0.296875
10 0.524219 0.922656 0.057813 0.098437
2 0.642188 0.519531 0.046875 0.195312
0 0.637500 0.525000 0.037500 0.190625
0 0.640625 0.510938 0.043750 0.178125
0 0.661719 0.505469 0.085938 0.192188
0 0.730469 0.501563 0.085938 0.187500
10 0.628125 0.568750 0.018750 0.046875