3 0.219531 0.453125 0.226562 0.312500
1 0.376563 0.407031 0.137500 0.295312
10 0.442188 0.510156 0.062500 0.082812
8 0.475000 0.371094 0.150000 0.329688
4 0.730469 0.268750 0.289062 0.471875
0 0.887500 0.232031 0.225000 0.464062
2 0.252344 0.886719 0.254688 0.226562
0 0.401562 0.869531 0.215625 0.260937
6 0.485938 0.857812 0.128125 0.284375
2 0.639844 0.875000 0.176563 0.250000
1 0.814844 0.864062 0.107813 0.271875
7 0.926562 0.841406 0.146875 0.317188
0 0.981250 0.825781 0.037500 0.329688
10 0.996875 0.960938 0.006250 0.040625