0 0.483594 0.102344 0.092188 0.204687
6 0.236719 0.082031 0.207813 0.164062
2 0.388281 0.082031 0.157812 0.164062
10 0.434375 0.134375 0.065625 0.087500
5 0.567187 0.155469 0.075000 0.310937
0 0.593750 0.170313 0.128125 0.340625
3 0.728906 0.199219 0.207813 0.398438
7 0.915625 0.209375 0.168750 0.418750
10 0.791406 0.351562 0.073438 0.118750
1 0.032813 0.665625 0.065625 0.428125
9 0.050000 0.675781 0.100000 0.407813
8 0.107813 0.675781 0.203125 0.429688
10 0.160938 0.857031 0.046875 0.092188
6 0.276562 0.722656 0.193750 0.420312
5 0.721875 0.702344 0.143750 0.282813
3 0.836719 0.725781 0.129688 0.273438
4 0.940625 0.732031 0.118750 0.285938
10 0.878125 0.850000 0.062500 0.093750