0 0.415625 0.460156 0.106250 0.379688
6 0.187500 0.385937 0.240625 0.346875
2 0.335938 0.416406 0.190625 0.339062
10 0.365625 0.560937 0.071875 0.093750
5 0.721094 0.399219 0.242188 0.389062
0 0.871094 0.435937 0.207813 0.368750
10 0.903906 0.583594 0.073438 0.101562
8 0.957031 0.469531 0.085938 0.392188
6 0.073438 0.860156 0.146875 0.279687
6 0.071875 0.880469 0.143750 0.239063
6 0.204687 0.908594 0.284375 0.182812
1 0.513281 0.796094 0.089063 0.214062
1 0.827344 0.795312 0.204687 0.212500
0 0.610938 0.790625 0.237500 0.203125
0 0.523438 0.792969 0.109375 0.207813
4 0.526563 0.792188 0.115625 0.206250
10 0.495312 0.719531 0.053125 0.060937