3 0.238281 0.231250 0.192188 0.196875
1 0.393750 0.217188 0.125000 0.225000
0 0.505469 0.217188 0.126562 0.225000
2 0.691406 0.214844 0.120313 0.229687
3 0.787500 0.213281 0.115625 0.232813
3 0.882812 0.206250 0.106250 0.243750
10 0.930469 0.285938 0.042188 0.068750
0 0.957812 0.190625 0.084375 0.243750
4 0.051562 0.724219 0.103125 0.317188
7 0.141406 0.673438 0.101562 0.262500
10 0.207813 0.800781 0.031250 0.117188
0 0.252344 0.676562 0.132812 0.293750
0 0.364844 0.666406 0.129688 0.276562
5 0.634375 0.565625 0.131250 0.462500
5 0.626563 0.542969 0.115625 0.426563
10 0.704688 0.700781 0.065625 0.154688
0 0.790625 0.540625 0.234375 0.421875
1 0.972656 0.528125 0.054688 0.396875