3 0.406250 0.093750 0.165625 0.187500
1 0.509375 0.270313 0.040625 0.178125
0 0.577344 0.278125 0.154688 0.162500
0 0.739844 0.288281 0.157812 0.142187
0 0.910937 0.296875 0.165625 0.125000
2 0.272656 0.617188 0.060937 0.112500
0 0.332813 0.623437 0.053125 0.115625
8 0.385937 0.623437 0.050000 0.121875
10 0.404687 0.678125 0.009375 0.021875
0 0.439063 0.630469 0.053125 0.117188
0 0.478125 0.626563 0.021875 0.115625
3 0.708594 0.660156 0.198437 0.367188
8 0.841406 0.677344 0.182812 0.357812
10 0.880469 0.808594 0.057813 0.092188
0 0.945312 0.683594 0.109375 0.332813