4 0.307031 0.089844 0.176563 0.179688
2 0.445312 0.084375 0.146875 0.168750
10 0.490625 0.054688 0.056250 0.103125
1 0.665625 0.124219 0.196875 0.248438
1 0.827344 0.135156 0.192188 0.270313
7 0.936719 0.164844 0.126562 0.329688
10 0.978906 0.271875 0.042188 0.109375
6 0.097656 0.613281 0.195312 0.467187
0 0.269531 0.631250 0.282813 0.503125
10 0.322656 0.839844 0.082812 0.123438
9 0.432031 0.673438 0.173437 0.537500
2 0.591406 0.750781 0.145313 0.492188
2 0.902344 0.782031 0.195312 0.435937
10 0.974219 0.966406 0.051562 0.067187
0 0.740625 0.764844 0.275000 0.470313