4 0.196875 0.150781 0.156250 0.301563
2 0.348438 0.149219 0.153125 0.298438
10 0.395313 0.284375 0.062500 0.100000
0 0.506250 0.164062 0.184375 0.328125
2 0.607031 0.175781 0.045312 0.351562
3 0.688281 0.162500 0.117188 0.293750
3 0.794531 0.161719 0.123438 0.307812
10 0.831250 0.270313 0.050000 0.068750
0 0.917188 0.159375 0.134375 0.271875
2 0.110937 0.668750 0.178125 0.328125
1 0.253906 0.680469 0.145313 0.348438
5 0.378906 0.703125 0.157812 0.337500
10 0.423438 0.825781 0.062500 0.076563
7 0.530469 0.723437 0.167187 0.356250
7 0.914844 0.553906 0.117188 0.129688