4 0.328906 0.351562 0.095312 0.187500
2 0.410938 0.341406 0.084375 0.189062
10 0.453125 0.407813 0.037500 0.046875
9 0.475781 0.326562 0.067187 0.178125
1 0.585938 0.171875 0.143750 0.296875
0 0.698438 0.174219 0.137500 0.289062
10 0.759375 0.256250 0.050000 0.093750
0 0.816406 0.150781 0.139063 0.270313
1 0.939844 0.121875 0.120313 0.243750
6 0.067187 0.758594 0.134375 0.482812
6 0.107813 0.759375 0.215625 0.481250
10 0.213281 0.955469 0.079687 0.089063
8 0.594531 0.871875 0.170313 0.256250
0 0.771875 0.860938 0.171875 0.278125
0 0.925000 0.832812 0.150000 0.334375