1 0.096875 0.119531 0.181250 0.239063
7 0.228906 0.131250 0.226562 0.262500
5 0.358594 0.163281 0.182812 0.326562
10 0.424219 0.283594 0.051562 0.089063
3 0.774219 0.257031 0.192188 0.326562
3 0.871875 0.282031 0.156250 0.307812
2 0.034375 0.707031 0.068750 0.154688
3 0.067187 0.725000 0.125000 0.190625
8 0.162500 0.739062 0.134375 0.218750
10 0.194531 0.832031 0.026562 0.039062
0 0.278125 0.756250 0.137500 0.253125
0 0.378125 0.790625 0.131250 0.246875
5 0.528125 0.772656 0.156250 0.285938
0 0.531250 0.762500 0.162500 0.265625
10 0.515625 0.692969 0.100000 0.126562
0 0.682031 0.769531 0.323437 0.279687
0 0.864844 0.765625 0.270313 0.271875