6 0.226562 0.192969 0.290625 0.385937
7 0.414062 0.216406 0.268750 0.432812
0 0.539062 0.240625 0.200000 0.437500
1 0.687500 0.386719 0.096875 0.354687
5 0.698438 0.421094 0.118750 0.376563
0 0.735156 0.417969 0.192188 0.382812
0 0.867969 0.449219 0.232813 0.320312
1 0.959375 0.468750 0.081250 0.281250
10 0.753906 0.558594 0.101562 0.101562
4 0.060937 0.714063 0.121875 0.209375
2 0.158594 0.716406 0.257812 0.214062
5 0.330469 0.725781 0.235937 0.232813
10 0.380469 0.833594 0.082812 0.117188
0 0.509375 0.750000 0.228125 0.281250
0 0.605469 0.766406 0.067187 0.314063
3 0.675000 0.678125 0.071875 0.137500
7 0.726562 0.693750 0.137500 0.168750
0 0.835156 0.710156 0.157812 0.201563
1 0.960938 0.726562 0.078125 0.234375
10 0.743750 0.769531 0.021875 0.029687