6 0.108594 0.117969 0.217188 0.082812
7 0.296875 0.106250 0.200000 0.106250
6 0.922656 0.114844 0.142187 0.089063
4 0.086719 0.523438 0.120313 0.303125
4 0.219531 0.507031 0.110937 0.295312
0 0.348438 0.494531 0.131250 0.295312
0 0.471875 0.478125 0.115625 0.287500
10 0.292969 0.625781 0.026562 0.045312
0 0.550000 0.553906 0.040625 0.223438
0 0.550781 0.545312 0.042188 0.225000
1 0.564844 0.534375 0.039062 0.206250
3 0.628906 0.527344 0.082812 0.223438
6 0.710156 0.515625 0.076563 0.218750
4 0.795312 0.508594 0.081250 0.214062
3 0.881250 0.495312 0.071875 0.212500
9 0.961719 0.492188 0.076563 0.221875
10 0.925781 0.590625 0.014063 0.028125