1 0.044531 0.209375 0.089063 0.365625
1 0.042969 0.181250 0.085938 0.362500
7 0.131250 0.188281 0.156250 0.376563
0 0.290625 0.160938 0.190625 0.321875
0 0.441406 0.167969 0.195312 0.335938
10 0.215625 0.302344 0.081250 0.104688
7 0.698438 0.445312 0.187500 0.309375
1 0.933594 0.426563 0.107813 0.346875
1 0.100781 0.658594 0.092188 0.117188
7 0.182031 0.664062 0.110937 0.128125
6 0.261719 0.660156 0.110937 0.120313
10 0.321094 0.649219 0.035937 0.064062
0 0.355469 0.657813 0.107813 0.115625
0 0.453125 0.658594 0.115625 0.117188
5 0.929688 0.735156 0.140625 0.270313
2 0.797656 0.742188 0.223438 0.284375