1 0.034375 0.200000 0.068750 0.318750
1 0.031250 0.184375 0.062500 0.350000
7 0.089844 0.200781 0.110937 0.317188
0 0.255469 0.207813 0.148438 0.303125
0 0.404687 0.213281 0.153125 0.292187
10 0.152344 0.342187 0.070312 0.034375
4 0.564063 0.125781 0.068750 0.251563
7 0.646875 0.124219 0.118750 0.248438
10 0.728906 0.267188 0.076563 0.184375
0 0.837500 0.129688 0.143750 0.259375
10 0.082031 0.708594 0.076563 0.114062
0 0.203906 0.559375 0.173437 0.400000
0 0.396094 0.556250 0.176563 0.393750
8 0.043750 0.557813 0.087500 0.396875
4 0.055469 0.560937 0.110937 0.403125
10 0.864844 0.685156 0.035937 0.060937
1 0.739062 0.579688 0.068750 0.250000
2 0.592187 0.564844 0.118750 0.295312
5 0.828125 0.582031 0.084375 0.248438
0 0.930469 0.590625 0.095312 0.243750
0 0.986719 0.584375 0.026562 0.221875