4 0.100000 0.163281 0.200000 0.326562
0 0.241406 0.175000 0.195312 0.350000
10 0.279687 0.307031 0.062500 0.092188
0 0.387500 0.192969 0.212500 0.385937
1 0.553125 0.204687 0.071875 0.350000
1 0.598437 0.037500 0.018750 0.075000
8 0.610938 0.044531 0.043750 0.089063
1 0.598437 0.323437 0.018750 0.118750
4 0.938281 0.157031 0.123438 0.282813
6 0.264062 0.835938 0.240625 0.212500
1 0.485938 0.814844 0.143750 0.170313
10 0.476562 0.768750 0.078125 0.078125
7 0.554688 0.823438 0.068750 0.187500
1 0.612500 0.795312 0.046875 0.131250
2 0.625781 0.803125 0.073438 0.146875
8 0.682031 0.803906 0.145313 0.148438
2 0.796875 0.824219 0.140625 0.189062
8 0.917188 0.832031 0.140625 0.204687
10 0.709375 0.875781 0.025000 0.039062