4 0.327344 0.191406 0.226562 0.373437
0 0.406250 0.222656 0.087500 0.379688
3 0.745313 0.255469 0.225000 0.326562
6 0.957812 0.303906 0.084375 0.229687
6 0.885938 0.290625 0.215625 0.256250
0 0.360938 0.558594 0.178125 0.279687
5 0.215625 0.549219 0.268750 0.260937
1 0.092188 0.543750 0.184375 0.250000
10 0.252344 0.639844 0.082812 0.139063
6 0.577344 0.585156 0.210938 0.332813
0 0.716406 0.604688 0.192188 0.340625
0 0.867188 0.647656 0.203125 0.348438
0 0.943750 0.698438 0.112500 0.368750
10 0.749219 0.750000 0.092188 0.121875