2 0.031250 0.384375 0.062500 0.231250
1 0.082031 0.385156 0.064062 0.229687
9 0.196875 0.387500 0.109375 0.225000
0 0.341406 0.392969 0.135937 0.214062
0 0.449219 0.396094 0.060937 0.207813
4 0.557031 0.119531 0.154688 0.239063
1 0.705469 0.103125 0.110937 0.206250
5 0.814844 0.122656 0.151562 0.245312
10 0.881250 0.199219 0.050000 0.082812
0 0.949219 0.121875 0.101562 0.243750
10 0.187500 0.678906 0.043750 0.082812
0 0.255469 0.607812 0.120313 0.215625
0 0.363281 0.603125 0.107813 0.206250
4 0.046875 0.604688 0.093750 0.209375
2 0.032813 0.607812 0.065625 0.215625
2 0.136719 0.608594 0.098437 0.217188
4 0.516406 0.721094 0.073438 0.317188
9 0.512500 0.725000 0.065625 0.328125
10 0.549219 0.869531 0.064062 0.098437
0 0.632031 0.737500 0.142187 0.318750