7 0.037500 0.164062 0.075000 0.284375
0 0.075000 0.206250 0.150000 0.281250
1 0.174219 0.219531 0.120313 0.251563
4 0.239844 0.238281 0.139063 0.267188
10 0.245312 0.328906 0.046875 0.089063
7 0.714844 0.108594 0.251563 0.217188
2 0.842969 0.122656 0.223438 0.245312
10 0.882812 0.202344 0.087500 0.126562
9 0.939844 0.155469 0.120313 0.310937
7 0.213281 0.807813 0.151562 0.300000
4 0.283594 0.842187 0.051562 0.290625
6 0.742188 0.696875 0.240625 0.387500
5 0.889062 0.728125 0.221875 0.353125
10 0.917969 0.873437 0.070312 0.093750
0 0.953906 0.766406 0.092188 0.379688