8 0.139063 0.136719 0.156250 0.273438
5 0.244531 0.115625 0.151562 0.231250
10 0.328906 0.186719 0.029687 0.048438
0 0.357812 0.096094 0.150000 0.192188
4 0.435156 0.085156 0.089063 0.170313
4 0.867188 0.291406 0.175000 0.314063
5 0.935937 0.277344 0.128125 0.339062
4 0.981250 0.250000 0.037500 0.281250
6 0.342969 0.817187 0.273438 0.365625
3 0.434375 0.800781 0.090625 0.389062
5 0.570312 0.646875 0.153125 0.243750
4 0.677344 0.626563 0.145313 0.262500
10 0.745313 0.722656 0.046875 0.067187
0 0.775781 0.603906 0.164062 0.239063
0 0.878906 0.593750 0.182812 0.228125