8 0.204687 0.175000 0.090625 0.231250
5 0.295312 0.178906 0.087500 0.226562
10 0.330469 0.277344 0.017188 0.035937
0 0.385937 0.196094 0.087500 0.198437
4 0.477344 0.207031 0.092188 0.210938
2 0.785156 0.173437 0.114062 0.237500
3 0.879687 0.177344 0.096875 0.214062
0 0.953906 0.189844 0.092188 0.235937
10 0.989844 0.266406 0.020313 0.057813
2 0.174219 0.800000 0.120313 0.140625
1 0.284375 0.792969 0.103125 0.126562
5 0.370312 0.797656 0.115625 0.135937
10 0.407031 0.745313 0.039062 0.031250
0 0.471094 0.796875 0.129688 0.134375
0 0.560156 0.786719 0.042188 0.114062
0 0.559375 0.785937 0.040625 0.112500
2 0.596875 0.785156 0.090625 0.110937
7 0.693750 0.786719 0.075000 0.114062
1 0.800000 0.782813 0.046875 0.106250
9 0.867188 0.784375 0.084375 0.109375
10 0.901563 0.827344 0.015625 0.029687
5 0.956250 0.789062 0.078125 0.118750