2 0.052344 0.185938 0.104688 0.371875
1 0.132031 0.181250 0.129688 0.362500
10 0.165625 0.327344 0.040625 0.064062
0 0.255469 0.204687 0.160938 0.356250
1 0.421875 0.207031 0.134375 0.351562
1 0.671094 0.182031 0.051562 0.142187
1 0.732812 0.192188 0.037500 0.118750
5 0.776563 0.196875 0.053125 0.146875
10 0.804688 0.260937 0.015625 0.028125
0 0.838281 0.207813 0.057813 0.137500
0 0.892969 0.215625 0.051562 0.137500
4 0.249219 0.885156 0.164062 0.229687
8 0.376563 0.893750 0.121875 0.212500
0 0.478125 0.902344 0.081250 0.195312
4 0.727344 0.875000 0.142187 0.250000
5 0.866406 0.870313 0.120313 0.259375
10 0.915625 0.973437 0.071875 0.053125
0 0.967187 0.877344 0.065625 0.245312