4 0.246875 0.082031 0.140625 0.164062
6 0.339844 0.099219 0.098437 0.198437
2 0.438281 0.282813 0.098437 0.212500
3 0.531250 0.295312 0.209375 0.187500
7 0.682031 0.311719 0.192188 0.154688
0 0.840625 0.328906 0.215625 0.120313
3 0.051562 0.707031 0.103125 0.326562
5 0.157031 0.737500 0.164062 0.325000
0 0.304688 0.759375 0.168750 0.325000
10 0.202344 0.864844 0.039062 0.051562
6 0.888281 0.414062 0.070312 0.050000
1 0.932813 0.413281 0.046875 0.048438
0 0.967187 0.413281 0.050000 0.048438
0 0.988281 0.412500 0.023438 0.046875
10 0.939844 0.392969 0.014063 0.007812