6 0.053906 0.195312 0.107813 0.390625
3 0.047656 0.239063 0.095312 0.387500
7 0.044531 0.271094 0.089063 0.373437
10 0.017969 0.441406 0.035937 0.101562
3 0.127344 0.297656 0.207813 0.404687
6 0.714844 0.314844 0.135937 0.264062
6 0.805469 0.335156 0.129688 0.260937
9 0.888281 0.362500 0.135937 0.265625
8 0.950781 0.376563 0.098437 0.246875
10 0.974219 0.488281 0.023438 0.023438
1 0.345313 0.135937 0.031250 0.121875
8 0.380469 0.153906 0.082812 0.151562
6 0.048438 0.585938 0.096875 0.171875
8 0.158594 0.584375 0.182812 0.168750
10 0.192188 0.614844 0.059375 0.101562
0 0.270313 0.592187 0.118750 0.184375
3 0.617188 0.635156 0.171875 0.270313
1 0.928906 0.701562 0.142187 0.287500
10 0.731250 0.769531 0.056250 0.082812
0 0.715625 0.657813 0.162500 0.293750
0 0.813281 0.691406 0.176563 0.301563