6 0.042188 0.153125 0.084375 0.306250
3 0.153125 0.180469 0.143750 0.298438
7 0.295312 0.196094 0.134375 0.267188
10 0.314844 0.317969 0.057813 0.023438
3 0.430469 0.200000 0.154688 0.259375
2 0.688281 0.048438 0.057813 0.096875
2 0.755469 0.046875 0.101562 0.093750
0 0.841406 0.049219 0.104688 0.098437
10 0.857812 0.017969 0.050000 0.035937
0 0.930469 0.054688 0.120313 0.109375
10 0.262500 0.699219 0.046875 0.085938
4 0.230469 0.586719 0.142187 0.267188
6 0.133594 0.560156 0.151562 0.248438
0 0.348438 0.603125 0.150000 0.250000
0 0.464062 0.623437 0.159375 0.262500
0 0.695312 0.423438 0.071875 0.187500
0 0.738281 0.434375 0.142187 0.209375
0 0.844531 0.448437 0.135937 0.237500
2 0.939844 0.460938 0.120313 0.259375
6 0.986719 0.485938 0.026562 0.256250