2 0.099219 0.131250 0.198437 0.262500
7 0.216406 0.092969 0.217188 0.185938
10 0.314844 0.111719 0.029687 0.117188
7 0.382812 0.264844 0.106250 0.370312
7 0.392188 0.254688 0.125000 0.390625
10 0.400781 0.403125 0.095312 0.093750
0 0.456250 0.225000 0.253125 0.450000
2 0.030469 0.828125 0.060937 0.234375
0 0.031250 0.809375 0.062500 0.234375
6 0.030469 0.781250 0.060937 0.228125
10 0.004687 0.864062 0.009375 0.031250
0 0.033594 0.759375 0.067187 0.237500
1 0.078906 0.734375 0.095312 0.234375
3 0.489844 0.565625 0.145313 0.231250
1 0.685156 0.537500 0.092188 0.175000
10 0.795312 0.598437 0.021875 0.031250
1 0.341406 0.557031 0.023438 0.129688
8 0.347656 0.554688 0.035937 0.143750
1 0.435156 0.565625 0.085938 0.231250
5 0.572656 0.553906 0.135937 0.207813
0 0.732812 0.539844 0.134375 0.179688
0 0.817187 0.523438 0.121875 0.146875