2 0.047656 0.318750 0.095312 0.281250
7 0.040625 0.312500 0.081250 0.293750
0 0.048438 0.282813 0.096875 0.353125
1 0.090625 0.267969 0.153125 0.382812
1 0.521875 0.193750 0.106250 0.281250
7 0.624219 0.188281 0.123438 0.304688
10 0.683594 0.285938 0.035937 0.068750
0 0.739844 0.176563 0.132812 0.271875
0 0.853906 0.164844 0.135937 0.289062
2 0.092969 0.735938 0.110937 0.250000
8 0.228125 0.710156 0.106250 0.251563
3 0.327344 0.705469 0.123438 0.257812
10 0.368750 0.792188 0.040625 0.075000
0 0.409375 0.692969 0.118750 0.267188
5 0.543750 0.740625 0.096875 0.250000
9 0.628125 0.741406 0.084375 0.232813
0 0.704688 0.735938 0.090625 0.234375
1 0.813281 0.724219 0.048438 0.214062
10 0.831250 0.817187 0.012500 0.031250
1 0.885938 0.715625 0.040625 0.203125
1 0.474219 0.692969 0.010937 0.107813
8 0.482812 0.703125 0.028125 0.137500