1 0.087500 0.289844 0.134375 0.267188
1 0.185156 0.303906 0.123438 0.270313
4 0.270313 0.332813 0.140625 0.268750
10 0.288281 0.436719 0.048438 0.076563
0 0.377344 0.350781 0.154688 0.264062
2 0.459375 0.383594 0.118750 0.279687
1 0.688281 0.322656 0.251563 0.414062
6 0.849219 0.330469 0.301563 0.398438
6 0.064062 0.627344 0.125000 0.195312
6 0.151562 0.646875 0.146875 0.234375
10 0.159375 0.728906 0.034375 0.042188
0 0.235156 0.647656 0.120313 0.207813
0 0.323437 0.676562 0.150000 0.243750
4 0.731250 0.646875 0.284375 0.234375
0 0.889062 0.669531 0.221875 0.279687
10 0.964063 0.752344 0.071875 0.173437