1 0.172656 0.099219 0.110937 0.198437
1 0.271875 0.103125 0.100000 0.206250
4 0.359375 0.113281 0.118750 0.226562
10 0.389844 0.197656 0.042188 0.073438
0 0.466406 0.114844 0.126562 0.229687
6 0.576562 0.482031 0.093750 0.273438
5 0.660937 0.489844 0.146875 0.257812
10 0.700781 0.601562 0.048438 0.034375
0 0.796094 0.495312 0.179688 0.246875
0 0.906250 0.503125 0.168750 0.231250
1 0.025781 0.694531 0.051562 0.151562
6 0.039844 0.696094 0.079687 0.154688
6 0.057813 0.697656 0.115625 0.157812
10 0.076563 0.668750 0.040625 0.075000
0 0.158594 0.691406 0.148438 0.145313
0 0.269531 0.690625 0.148438 0.143750
0 0.559375 0.925000 0.059375 0.150000
3 0.560156 0.929688 0.060937 0.140625
4 0.560156 0.941406 0.060937 0.117188
0 0.564844 0.943750 0.070312 0.112500
1 0.632031 0.962500 0.092188 0.075000
6 0.711719 0.960938 0.120313 0.078125