3 0.270313 0.171875 0.200000 0.343750
8 0.394531 0.213281 0.173437 0.317188
8 0.588281 0.273438 0.060937 0.315625
9 0.525000 0.227344 0.181250 0.320312
10 0.432031 0.325781 0.067187 0.082812
3 0.667188 0.532813 0.096875 0.362500
1 0.679688 0.563281 0.121875 0.323437
2 0.750000 0.583594 0.196875 0.332813
6 0.860938 0.605469 0.178125 0.289062
2 0.934375 0.613281 0.131250 0.273438
2 0.264844 0.860938 0.173437 0.221875
3 0.384375 0.875000 0.156250 0.250000
4 0.503906 0.875000 0.182812 0.250000
10 0.532813 0.981250 0.059375 0.037500
0 0.573438 0.892969 0.090625 0.214062
4 0.703125 0.875000 0.168750 0.250000
2 0.701562 0.875000 0.165625 0.250000
6 0.784375 0.875000 0.284375 0.250000
0 0.922656 0.875000 0.154688 0.250000