3 0.323437 0.253125 0.171875 0.312500
8 0.455469 0.259375 0.148438 0.300000
9 0.521875 0.225000 0.034375 0.312500
10 0.517188 0.353906 0.043750 0.079687
5 0.600781 0.144531 0.123438 0.289062
5 0.646094 0.107031 0.189062 0.214062
0 0.832812 0.107031 0.237500 0.214062
5 0.038281 0.675781 0.076563 0.323437
7 0.112500 0.636719 0.140625 0.329688
10 0.174219 0.739062 0.054688 0.087500
0 0.228125 0.616406 0.165625 0.304688
1 0.360156 0.585938 0.117188 0.293750
2 0.584375 0.724219 0.090625 0.351562
2 0.645312 0.707812 0.175000 0.362500
0 0.788281 0.666406 0.173437 0.342187
0 0.914062 0.670312 0.171875 0.365625
10 0.727344 0.810156 0.073438 0.123438