5 0.050000 0.282813 0.100000 0.356250
7 0.151562 0.251563 0.171875 0.334375
10 0.235937 0.399219 0.081250 0.120313
0 0.294531 0.226562 0.217188 0.365625
0 0.396875 0.190625 0.106250 0.371875
4 0.775781 0.386719 0.170313 0.292187
7 0.660156 0.417969 0.157812 0.270313
3 0.548438 0.453906 0.168750 0.279687
6 0.899219 0.369531 0.189062 0.307812
10 0.739844 0.511719 0.067187 0.085938
7 0.239063 0.771875 0.181250 0.165625
2 0.325781 0.767188 0.173437 0.156250
5 0.386719 0.774219 0.126562 0.170313
0 0.896875 0.933594 0.206250 0.132812
5 0.742969 0.943750 0.285938 0.112500