6 0.065625 0.206250 0.131250 0.306250
2 0.063281 0.233594 0.126562 0.251563
0 0.089063 0.256250 0.178125 0.206250
0 0.229687 0.274219 0.246875 0.170313
7 0.546875 0.100000 0.175000 0.200000
3 0.650781 0.103906 0.142187 0.207813
10 0.680469 0.174219 0.048438 0.079687
0 0.764062 0.118750 0.168750 0.237500
1 0.893750 0.119531 0.131250 0.239063
6 0.040625 0.532031 0.081250 0.323437
0 0.116406 0.558594 0.160938 0.292187
10 0.153906 0.660937 0.054688 0.081250
0 0.248438 0.572656 0.168750 0.295312
1 0.356250 0.580469 0.087500 0.314063
1 0.503125 0.480469 0.131250 0.242188
6 0.729688 0.503906 0.181250 0.289062
0 0.607031 0.490625 0.160938 0.262500
0 0.872656 0.524219 0.182812 0.329688
0 0.952344 0.550781 0.095312 0.342187
10 0.765625 0.627344 0.053125 0.107813