6 0.060156 0.375000 0.120313 0.428125
2 0.092188 0.359375 0.184375 0.459375
10 0.189062 0.546094 0.056250 0.076563
0 0.271094 0.326562 0.245312 0.450000
0 0.421094 0.292969 0.157812 0.454688
9 0.666406 0.377344 0.332813 0.423438
1 0.897656 0.355469 0.204687 0.467187
10 0.985156 0.542188 0.029687 0.093750
2 0.185156 0.947656 0.135937 0.104688
8 0.277344 0.932813 0.126562 0.134375
0 0.362500 0.928906 0.112500 0.142187
0 0.442188 0.911719 0.115625 0.176563
6 0.837500 0.840625 0.218750 0.318750
5 0.942187 0.833594 0.115625 0.332813