4 0.056250 0.255469 0.112500 0.226562
5 0.183594 0.253125 0.107813 0.231250
10 0.232031 0.361719 0.032813 0.014063
6 0.328125 0.250000 0.118750 0.237500
7 0.629687 0.341406 0.059375 0.054688
5 0.695312 0.342969 0.084375 0.051562
7 0.780469 0.342187 0.073438 0.053125
2 0.071875 0.647656 0.143750 0.360938
1 0.378906 0.658594 0.110937 0.351562
10 0.410938 0.803906 0.043750 0.107813
0 0.508594 0.683594 0.154688 0.376563
0 0.225781 0.657031 0.170313 0.370312
2 0.622656 0.729688 0.045312 0.243750
1 0.709375 0.751563 0.043750 0.234375
3 0.794531 0.760156 0.092188 0.251563
10 0.832812 0.865625 0.021875 0.040625
0 0.904687 0.771094 0.093750 0.248438
0 0.980469 0.780469 0.039062 0.229687