4 0.355469 0.184375 0.170313 0.300000
5 0.436719 0.203125 0.045312 0.293750
0 0.586719 0.111719 0.254688 0.223438
5 0.735156 0.101562 0.217188 0.203125
10 0.771875 0.049219 0.065625 0.098437
0 0.891406 0.096875 0.217188 0.193750
4 0.133594 0.720313 0.101562 0.190625
0 0.215625 0.733594 0.093750 0.182812
0 0.306250 0.743750 0.103125 0.196875
10 0.239063 0.809375 0.018750 0.025000
0 0.391406 0.752344 0.101562 0.195312
6 0.602344 0.560937 0.254688 0.403125
9 0.800781 0.596875 0.232813 0.475000
0 0.935156 0.625781 0.129688 0.479687
10 0.848437 0.771875 0.075000 0.100000