1 0.045312 0.120313 0.090625 0.240625
7 0.162500 0.121875 0.171875 0.243750
0 0.316406 0.132031 0.198437 0.264062
10 0.396094 0.214062 0.067187 0.112500
0 0.452344 0.064062 0.045312 0.128125
0 0.506250 0.059375 0.087500 0.118750
4 0.603906 0.056250 0.073438 0.112500
2 0.688281 0.057031 0.073438 0.114062
1 0.790625 0.053125 0.040625 0.106250
0 0.845313 0.049219 0.062500 0.098437
5 0.918750 0.048438 0.056250 0.096875
10 0.873437 0.010937 0.015625 0.021875
6 0.037500 0.631250 0.075000 0.284375
4 0.049219 0.631250 0.098437 0.284375
10 0.106250 0.761719 0.031250 0.051562
0 0.207031 0.644531 0.139063 0.310937
1 0.419531 0.642969 0.020313 0.307812
2 0.477344 0.600781 0.089063 0.223438
1 0.622656 0.614062 0.042188 0.234375
3 0.708594 0.623437 0.089063 0.253125
10 0.746875 0.728125 0.021875 0.040625
0 0.818750 0.634375 0.093750 0.246875
0 0.925000 0.645312 0.096875 0.231250