1 0.128125 0.245312 0.137500 0.362500
7 0.244531 0.251563 0.157812 0.365625
0 0.314063 0.259375 0.071875 0.390625
4 0.457813 0.061719 0.096875 0.123438
1 0.591406 0.067969 0.048438 0.135937
0 0.675000 0.071875 0.106250 0.143750
0 0.784375 0.076563 0.103125 0.153125
10 0.606250 0.108594 0.028125 0.042188
8 0.135156 0.635156 0.126562 0.235937
10 0.175781 0.731250 0.057813 0.093750
0 0.246875 0.660156 0.150000 0.279687
1 0.337500 0.653125 0.025000 0.278125
3 0.053906 0.613281 0.107813 0.248438
0 0.386719 0.607812 0.073438 0.237500
0 0.399219 0.611719 0.098437 0.245312
0 0.739844 0.641406 0.117188 0.254688
2 0.476562 0.615625 0.118750 0.253125
2 0.571094 0.621094 0.114062 0.264062
4 0.655469 0.632812 0.120313 0.287500
2 0.821094 0.639844 0.104688 0.260937