0 0.400000 0.374219 0.100000 0.329688
6 0.258594 0.335938 0.289062 0.406250
4 0.114844 0.311719 0.229687 0.454688
3 0.825000 0.272656 0.153125 0.298438
3 0.929688 0.282813 0.140625 0.309375
10 0.967969 0.396875 0.054688 0.071875
2 0.050781 0.682813 0.101562 0.287500
1 0.050000 0.700781 0.100000 0.323437
5 0.139063 0.725000 0.184375 0.343750
10 0.179688 0.853125 0.068750 0.081250
7 0.289844 0.761719 0.192188 0.360938
6 0.789844 0.714063 0.095312 0.190625
6 0.872656 0.741406 0.098437 0.195312
10 0.900781 0.825000 0.023438 0.031250
0 0.953906 0.754687 0.092188 0.196875