6 0.285156 0.389844 0.229687 0.357812
0 0.435937 0.418750 0.212500 0.362500
10 0.446875 0.530469 0.068750 0.095312
7 0.526563 0.427344 0.106250 0.345313
5 0.925000 0.108594 0.150000 0.217188
7 0.035156 0.721875 0.070312 0.243750
0 0.067187 0.739844 0.134375 0.279687
1 0.160938 0.746875 0.112500 0.250000
1 0.332031 0.777344 0.104688 0.235937
4 0.231250 0.761719 0.140625 0.267188
10 0.234375 0.851562 0.043750 0.090625
5 0.655469 0.799219 0.151562 0.398438
5 0.667188 0.800000 0.175000 0.400000
10 0.691406 0.953125 0.079687 0.093750
0 0.828906 0.814063 0.273438 0.371875