1 0.026562 0.092969 0.053125 0.185938
8 0.048438 0.092969 0.096875 0.185938
6 0.175000 0.087500 0.159375 0.175000
10 0.268750 0.044531 0.065625 0.089063
0 0.335938 0.086719 0.190625 0.173437
0 0.482812 0.089844 0.153125 0.179688
10 0.992188 0.253906 0.015625 0.104688
2 0.929688 0.153125 0.140625 0.306250
4 0.788281 0.167969 0.223438 0.335938
10 0.172656 0.821094 0.054688 0.092188
6 0.225000 0.712500 0.150000 0.293750
8 0.332031 0.655469 0.164062 0.273438
3 0.100781 0.722656 0.157812 0.314063
4 0.039844 0.737500 0.079687 0.287500
4 0.936719 0.707031 0.126562 0.326562
6 0.821875 0.725000 0.168750 0.321875
2 0.696875 0.753125 0.159375 0.315625