1 0.021094 0.092969 0.042188 0.185938
0 0.278906 0.121094 0.148438 0.242188
3 0.386719 0.113281 0.129688 0.226562
5 0.482031 0.124219 0.139063 0.248438
2 0.571094 0.142187 0.120313 0.284375
6 0.674219 0.123438 0.126562 0.246875
10 0.705469 0.227344 0.029687 0.073438
0 0.765625 0.122656 0.109375 0.245312
10 0.520312 0.641406 0.040625 0.064062
1 0.401562 0.547656 0.084375 0.217188
2 0.255469 0.549219 0.139063 0.220312
5 0.490625 0.550781 0.100000 0.223438
0 0.592187 0.555469 0.112500 0.232813
0 0.678906 0.549219 0.098437 0.220312