1 0.032031 0.117188 0.064062 0.234375
8 0.083594 0.120313 0.167187 0.240625
9 0.257031 0.119531 0.185938 0.239063
10 0.332813 0.054688 0.065625 0.109375
0 0.437500 0.118750 0.162500 0.237500
1 0.539844 0.082031 0.042188 0.164062
3 0.546875 0.088281 0.056250 0.176563
0 0.649219 0.078906 0.107813 0.157812
10 0.707031 0.086719 0.060937 0.114062
8 0.789844 0.087500 0.135937 0.175000
4 0.925000 0.079687 0.137500 0.159375
1 0.245312 0.701562 0.021875 0.090625
6 0.282031 0.702344 0.042188 0.101562
1 0.339062 0.714844 0.025000 0.104688
10 0.348438 0.750781 0.012500 0.020313
0 0.374219 0.717187 0.042188 0.118750
1 0.429688 0.714844 0.025000 0.110937
3 0.592187 0.478125 0.146875 0.343750
6 0.560156 0.495312 0.082812 0.368750
9 0.748437 0.485156 0.146875 0.389062
10 0.660937 0.623437 0.050000 0.096875
7 0.900000 0.457813 0.131250 0.356250