1 0.046094 0.175000 0.092188 0.350000
8 0.072656 0.164844 0.145313 0.329688
9 0.094531 0.149219 0.189062 0.298438
10 0.166406 0.189844 0.085938 0.123438
0 0.242188 0.121875 0.281250 0.243750
0 0.407031 0.118750 0.223438 0.237500
2 0.580469 0.096094 0.123438 0.192188
2 0.689063 0.078125 0.165625 0.156250
3 0.822656 0.071875 0.139063 0.143750
10 0.895312 0.082812 0.028125 0.046875
0 0.927344 0.074219 0.145313 0.148438
3 0.053906 0.851562 0.107813 0.296875
9 0.057031 0.830469 0.114062 0.339062
0 0.130469 0.811719 0.232813 0.376563
0 0.317969 0.784375 0.245312 0.431250
0 0.815625 0.695312 0.121875 0.212500
0 0.898438 0.687500 0.131250 0.228125
7 0.732031 0.714844 0.126562 0.220312
5 0.656250 0.736719 0.131250 0.207813
10 0.781250 0.779687 0.040625 0.046875