0 0.378125 0.142969 0.153125 0.285938
4 0.246875 0.154688 0.146875 0.309375
6 0.114062 0.160156 0.153125 0.317188
2 0.035937 0.183594 0.071875 0.314063
10 0.317969 0.250000 0.051562 0.084375
10 0.943750 0.339844 0.040625 0.079687
4 0.973437 0.241406 0.053125 0.264062
4 0.667188 0.251563 0.134375 0.246875
1 0.802344 0.240625 0.095312 0.265625
1 0.893750 0.241406 0.096875 0.257812
3 0.190625 0.565625 0.106250 0.193750
1 0.389844 0.551562 0.054688 0.165625
1 0.006250 0.512500 0.012500 0.087500
8 0.013281 0.516406 0.026562 0.095312
1 0.133594 0.564063 0.048438 0.190625
5 0.275000 0.559375 0.100000 0.181250
0 0.428906 0.554688 0.079687 0.171875
0 0.717969 0.554688 0.135937 0.171875
0 0.832812 0.568750 0.143750 0.200000
7 0.600000 0.579688 0.106250 0.221875
5 0.504687 0.584375 0.071875 0.231250
10 0.654687 0.642188 0.046875 0.062500