0 0.464062 0.174219 0.071875 0.332813
4 0.381250 0.163281 0.165625 0.326562
6 0.250000 0.148438 0.171875 0.296875
2 0.122656 0.140625 0.160938 0.281250
10 0.420312 0.279687 0.056250 0.087500
2 0.950000 0.352344 0.100000 0.273438
5 0.863281 0.338281 0.176563 0.301563
1 0.054688 0.837500 0.078125 0.275000
7 0.157031 0.844531 0.110937 0.260937
5 0.263281 0.856250 0.107813 0.243750
10 0.291406 0.976562 0.023438 0.046875
0 0.368750 0.879687 0.118750 0.240625
0 0.457031 0.885156 0.085938 0.229687
4 0.550781 0.567969 0.101562 0.157812
7 0.646875 0.575000 0.093750 0.171875
0 0.738281 0.579688 0.098437 0.181250
0 0.834375 0.581250 0.096875 0.184375
10 0.676562 0.629687 0.021875 0.037500