3 0.036719 0.151562 0.073438 0.303125
9 0.037500 0.149219 0.075000 0.298438
10 0.014063 0.261719 0.028125 0.129688
0 0.069531 0.150000 0.139063 0.300000
1 0.317969 0.139844 0.082812 0.279687
1 0.428906 0.446094 0.139063 0.285938
1 0.588281 0.425781 0.129688 0.326562
7 0.731250 0.436719 0.112500 0.304688
0 0.894531 0.439844 0.151562 0.298438
10 0.800781 0.576562 0.070312 0.025000
10 0.135156 0.641406 0.054688 0.067187
2 0.227344 0.665625 0.139063 0.153125
1 0.025000 0.664062 0.050000 0.150000
2 0.047656 0.665625 0.095312 0.153125
0 0.076563 0.664062 0.118750 0.150000
0 0.708594 0.823438 0.145313 0.328125
0 0.848437 0.810156 0.131250 0.345313
3 0.559375 0.830469 0.121875 0.339062
4 0.423438 0.822656 0.128125 0.339062
10 0.631250 0.949219 0.056250 0.092188