0 0.193750 0.200000 0.256250 0.400000
0 0.390625 0.175781 0.218750 0.351562
9 0.058594 0.210156 0.117188 0.420312
3 0.058594 0.237500 0.117188 0.475000
10 0.103906 0.346094 0.082812 0.142187
4 0.561719 0.222656 0.123438 0.364063
4 0.814844 0.171875 0.154688 0.343750
6 0.671875 0.196875 0.178125 0.356250
0 0.935156 0.151562 0.129688 0.303125
10 0.891406 0.281250 0.064062 0.112500
1 0.046875 0.913281 0.093750 0.173437
4 0.152344 0.902344 0.173437 0.195312
7 0.292187 0.892188 0.156250 0.215625
0 0.426563 0.884375 0.146875 0.231250
5 0.556250 0.821094 0.112500 0.357812
2 0.605469 0.817969 0.210938 0.364063
4 0.774219 0.797656 0.217188 0.404687
10 0.866406 0.946094 0.064062 0.107813
9 0.920312 0.785937 0.159375 0.425000