0 0.299219 0.138281 0.179688 0.276562
9 0.122656 0.130469 0.245312 0.260937
3 0.070312 0.146875 0.140625 0.293750
10 0.200781 0.153125 0.085938 0.143750
2 0.456250 0.149219 0.134375 0.273438
1 0.605469 0.196094 0.085938 0.267188
0 0.690625 0.222656 0.140625 0.282813
0 0.817187 0.254688 0.134375 0.284375
10 0.611719 0.310937 0.023438 0.037500
8 0.031250 0.446875 0.062500 0.093750
9 0.095312 0.445312 0.090625 0.090625
0 0.176563 0.448437 0.093750 0.096875
10 0.208594 0.490625 0.017188 0.021875
7 0.275000 0.464844 0.084375 0.129688
5 0.347656 0.478125 0.082812 0.156250
6 0.445312 0.651563 0.112500 0.456250
2 0.502344 0.692969 0.201563 0.457813
10 0.584375 0.922656 0.103125 0.154688
0 0.707031 0.735938 0.254688 0.493750
0 0.908594 0.760938 0.182812 0.471875