6 0.061719 0.132031 0.123438 0.264062
6 0.176563 0.117188 0.165625 0.234375
6 0.317188 0.110156 0.162500 0.220312
10 0.392188 0.172656 0.050000 0.070312
9 0.460938 0.112500 0.168750 0.225000
5 0.587500 0.361719 0.075000 0.154688
2 0.649219 0.354687 0.114062 0.168750
0 0.756250 0.339844 0.118750 0.198437
0 0.848437 0.327344 0.128125 0.223438
10 0.715625 0.431250 0.043750 0.015625
3 0.044531 0.670312 0.089063 0.428125
1 0.159375 0.655469 0.087500 0.357812
9 0.265625 0.636719 0.140625 0.370312
3 0.397656 0.634375 0.139063 0.362500
5 0.504687 0.624219 0.090625 0.351562
10 0.471875 0.793750 0.028125 0.050000
4 0.613281 0.781250 0.126562 0.437500
7 0.601562 0.759375 0.103125 0.462500
10 0.585156 0.935156 0.070312 0.129688
9 0.685156 0.745313 0.254688 0.509375
3 0.885156 0.700000 0.229687 0.512500