6 0.057031 0.182812 0.114062 0.359375
6 0.097656 0.210938 0.195312 0.340625
6 0.235156 0.242188 0.195312 0.340625
10 0.265625 0.375781 0.056250 0.076563
9 0.371094 0.285156 0.204687 0.354687
2 0.673438 0.371094 0.203125 0.382812
2 0.834375 0.410156 0.193750 0.376563
4 0.954688 0.435156 0.090625 0.339062
3 0.082812 0.807031 0.165625 0.276562
10 0.293750 0.706250 0.103125 0.075000
0 0.229687 0.806250 0.281250 0.275000
0 0.408594 0.792969 0.182812 0.248438
4 0.840625 0.834375 0.243750 0.331250
7 0.953906 0.856250 0.092188 0.287500