6 0.075000 0.070312 0.118750 0.140625
0 0.170313 0.069531 0.115625 0.139063
10 0.207031 0.102344 0.039062 0.064062
0 0.277344 0.071094 0.120313 0.142187
1 0.390625 0.073438 0.109375 0.146875
1 0.582812 0.189062 0.065625 0.325000
4 0.588281 0.226562 0.076563 0.281250
8 0.650781 0.221875 0.139063 0.287500
10 0.684375 0.331250 0.059375 0.093750
0 0.768750 0.240625 0.153125 0.290625
0 0.879687 0.250000 0.153125 0.281250
5 0.079687 0.692969 0.056250 0.135937
4 0.138281 0.694531 0.057813 0.120313
9 0.192969 0.704688 0.054688 0.128125
8 0.248438 0.700781 0.059375 0.132812
10 0.156250 0.754687 0.009375 0.021875
0 0.580469 0.837500 0.060937 0.256250
0 0.609375 0.844531 0.118750 0.257812
5 0.699219 0.857031 0.110937 0.254688
2 0.789844 0.864844 0.117188 0.245312
2 0.599219 0.985156 0.070312 0.029687
4 0.881250 0.865625 0.118750 0.231250
3 0.957031 0.877344 0.085938 0.239063
10 0.987500 0.979688 0.025000 0.040625