1 0.218750 0.078906 0.093750 0.157812
5 0.321875 0.075781 0.118750 0.151562
5 0.534375 0.106250 0.193750 0.212500
0 0.717969 0.104688 0.173437 0.209375
0 0.886719 0.115625 0.167187 0.231250
10 0.793750 0.178906 0.050000 0.110937
5 0.194531 0.514062 0.082812 0.243750
6 0.302344 0.528906 0.085938 0.245312
0 0.392188 0.553125 0.053125 0.240625
10 0.348438 0.636719 0.018750 0.032813
5 0.782813 0.460938 0.084375 0.203125
0 0.860156 0.471875 0.098437 0.225000
10 0.900781 0.543750 0.032813 0.078125
0 0.947656 0.472656 0.104688 0.226562