0 0.281250 0.179688 0.284375 0.359375
0 0.422656 0.179688 0.192188 0.359375
8 0.107813 0.179688 0.215625 0.359375
4 0.084375 0.192188 0.168750 0.334375
8 0.814844 0.328906 0.160938 0.060937
6 0.934375 0.315625 0.131250 0.087500
2 0.132812 0.751563 0.184375 0.325000
1 0.313281 0.699219 0.126562 0.320312
9 0.423438 0.668750 0.168750 0.328125
10 0.505469 0.786719 0.026562 0.073438
0 0.492969 0.633594 0.051562 0.329688
1 0.543750 0.720313 0.050000 0.275000
7 0.598437 0.686719 0.131250 0.260937
5 0.700781 0.653125 0.126562 0.243750
10 0.777344 0.750781 0.029687 0.048438
0 0.807031 0.631250 0.135937 0.243750
0 0.909375 0.600000 0.140625 0.250000