10 0.034375 0.359375 0.068750 0.121875
0 0.167969 0.220312 0.242188 0.440625
0 0.335156 0.230469 0.189062 0.460938
8 0.060937 0.203125 0.121875 0.406250
4 0.074219 0.194531 0.148438 0.389062
6 0.653125 0.137500 0.200000 0.275000
8 0.807031 0.144531 0.182812 0.289062
10 0.858594 0.242969 0.064062 0.107813
8 0.934375 0.150000 0.131250 0.300000
8 0.351562 0.571875 0.121875 0.125000
0 0.741406 0.784375 0.170313 0.334375
0 0.879687 0.810156 0.181250 0.317188
4 0.607812 0.770312 0.162500 0.331250
6 0.494531 0.741406 0.129688 0.326562
2 0.469531 0.727344 0.079687 0.320312
10 0.650000 0.889062 0.056250 0.087500