1 0.017969 0.310937 0.035937 0.237500
9 0.052344 0.339062 0.104688 0.181250
9 0.171875 0.342969 0.093750 0.173437
8 0.294531 0.353906 0.139063 0.151562
3 0.526563 0.150000 0.034375 0.159375
6 0.583594 0.152344 0.042188 0.154688
8 0.640625 0.164062 0.046875 0.143750
4 0.701562 0.167969 0.043750 0.120313
2 0.960938 0.260937 0.078125 0.268750
5 0.042969 0.884375 0.085938 0.231250
1 0.040625 0.892969 0.078125 0.214062
0 0.203906 0.891406 0.185938 0.217188
0 0.367188 0.905469 0.165625 0.189062
2 0.960156 0.637500 0.079687 0.396875