0 0.115625 0.158594 0.178125 0.317188
0 0.532031 0.208594 0.154688 0.329688
1 0.254688 0.167187 0.118750 0.290625
1 0.346875 0.180469 0.103125 0.295312
9 0.432812 0.196875 0.143750 0.356250
3 0.621875 0.228906 0.115625 0.345313
10 0.667188 0.362500 0.025000 0.059375
0 0.902344 0.203125 0.195312 0.406250
0 0.762500 0.197656 0.165625 0.395313
10 0.801562 0.332813 0.084375 0.150000
6 0.758594 0.200000 0.157812 0.400000
1 0.072656 0.766406 0.145313 0.467187
8 0.235937 0.767188 0.275000 0.465625
0 0.490625 0.790625 0.268750 0.418750
0 0.629687 0.799219 0.100000 0.401562
5 0.739062 0.807813 0.118750 0.384375
9 0.732031 0.821875 0.104688 0.356250
1 0.873437 0.835156 0.168750 0.329688
9 0.959375 0.842187 0.081250 0.315625