5 0.194531 0.131250 0.210938 0.262500
2 0.379688 0.078906 0.159375 0.157812
5 0.483594 0.074219 0.160938 0.148438
6 0.600781 0.069531 0.135937 0.139063
10 0.633594 0.103906 0.042188 0.064062
0 0.707812 0.078906 0.146875 0.157812
1 0.834375 0.078125 0.125000 0.156250
1 0.137500 0.692969 0.125000 0.279687
5 0.232031 0.704688 0.135937 0.296875
2 0.502344 0.451562 0.145313 0.243750
2 0.635938 0.460938 0.140625 0.262500
8 0.760938 0.475000 0.137500 0.281250
10 0.803125 0.598437 0.028125 0.037500
0 0.895312 0.496094 0.146875 0.282813
0 0.969531 0.512500 0.060937 0.275000