5 0.054688 0.206250 0.109375 0.412500
2 0.048438 0.199219 0.096875 0.398438
10 0.096875 0.315625 0.084375 0.143750
0 0.199219 0.179688 0.210938 0.359375
0 0.326562 0.175781 0.084375 0.351562
1 0.426563 0.113281 0.115625 0.226562
2 0.581250 0.120313 0.187500 0.240625
8 0.741406 0.114844 0.167187 0.229687
6 0.898438 0.091406 0.150000 0.182812
1 0.096875 0.734375 0.093750 0.275000
4 0.311719 0.703125 0.114062 0.281250
5 0.200781 0.722656 0.120313 0.289062
10 0.364063 0.814063 0.009375 0.078125
4 0.506250 0.600781 0.193750 0.182812
4 0.653906 0.596875 0.148438 0.175000
10 0.723437 0.596094 0.062500 0.098437
0 0.793750 0.602344 0.162500 0.185938
0 0.928906 0.605469 0.142187 0.192188