5 0.035937 0.073438 0.071875 0.146875
4 0.126562 0.067969 0.106250 0.135937
10 0.180469 0.020313 0.039062 0.040625
0 0.238281 0.067187 0.120313 0.134375
0 0.346875 0.060156 0.118750 0.120313
7 0.953906 0.351562 0.092188 0.334375
1 0.861719 0.356250 0.095312 0.325000
6 0.035937 0.889844 0.071875 0.220312
3 0.074219 0.892969 0.120313 0.214062
7 0.255469 0.896094 0.107813 0.207813
3 0.396094 0.885938 0.067187 0.228125
5 0.544531 0.700781 0.120313 0.364063
0 0.692969 0.706250 0.185938 0.375000
3 0.878906 0.726562 0.173437 0.415625
10 0.966406 0.887500 0.064062 0.112500