1 0.409375 0.439063 0.081250 0.259375
2 0.542969 0.216406 0.185938 0.432812
2 0.719531 0.189844 0.251563 0.379688
5 0.903906 0.150781 0.192188 0.301563
10 0.992188 0.255469 0.015625 0.085938
6 0.100781 0.757812 0.201563 0.378125
5 0.260156 0.721094 0.254688 0.304688
10 0.364063 0.802344 0.090625 0.142187
0 0.376563 0.725000 0.146875 0.312500
3 0.576562 0.717969 0.200000 0.298438
8 0.707812 0.700781 0.175000 0.264062
8 0.935156 0.668750 0.129688 0.200000
9 0.831250 0.677344 0.181250 0.217188
10 0.786719 0.760156 0.067187 0.082812