1 0.078125 0.385156 0.146875 0.107813
8 0.189062 0.371094 0.196875 0.135937
0 0.317969 0.403125 0.207813 0.071875
3 0.810156 0.054688 0.114062 0.109375
6 0.886719 0.060937 0.135937 0.121875
10 0.916406 0.071875 0.057813 0.090625
0 0.958594 0.054688 0.082812 0.109375
0 0.064062 0.649219 0.128125 0.260937
0 0.152344 0.660156 0.135937 0.260937
4 0.239844 0.672656 0.132812 0.245312
3 0.317188 0.697656 0.131250 0.260937
0 0.403906 0.704688 0.132812 0.250000
3 0.485938 0.721875 0.125000 0.259375
6 0.546875 0.793750 0.068750 0.125000
10 0.505469 0.824219 0.026562 0.035937
1 0.885938 0.605469 0.128125 0.276562
6 0.949219 0.613281 0.101562 0.289062