0 0.399219 0.247656 0.060937 0.364063
1 0.331250 0.225781 0.128125 0.354687
10 0.360156 0.367188 0.042188 0.090625
4 0.165625 0.205469 0.187500 0.389062
2 0.480469 0.256250 0.101562 0.381250
0 0.565625 0.260937 0.168750 0.359375
8 0.726562 0.271094 0.168750 0.345313
10 0.786719 0.410938 0.064062 0.115625
0 0.893750 0.297656 0.196875 0.354687
0 0.979688 0.297656 0.040625 0.345313
7 0.180469 0.717187 0.176563 0.334375
0 0.324219 0.698438 0.173437 0.296875
10 0.378906 0.825000 0.076563 0.096875
10 0.700781 0.571094 0.029687 0.042188
1 0.824219 0.594531 0.070312 0.089063
1 0.559375 0.589844 0.059375 0.079687
6 0.745313 0.592187 0.081250 0.084375
6 0.614062 0.588281 0.071875 0.076563
8 0.679688 0.593750 0.081250 0.087500