1 0.326562 0.361719 0.106250 0.154688
4 0.164844 0.360156 0.173437 0.157812
0 0.921094 0.185938 0.157812 0.371875
4 0.724219 0.196875 0.235937 0.393750
7 0.492969 0.215625 0.226562 0.431250
10 0.850000 0.337500 0.093750 0.171875
4 0.337500 0.653906 0.084375 0.185938
5 0.254688 0.653125 0.100000 0.212500
10 0.375000 0.737500 0.009375 0.053125
1 0.402344 0.875000 0.045312 0.243750
8 0.491406 0.868750 0.110937 0.262500
7 0.630469 0.871875 0.085938 0.256250
10 0.681250 0.982812 0.018750 0.034375
0 0.733594 0.870313 0.107813 0.259375
0 0.857031 0.872656 0.114062 0.254688