0 0.063281 0.235156 0.126562 0.429688
8 0.168750 0.250000 0.240625 0.400000
10 0.230469 0.417187 0.079687 0.065625
0 0.357812 0.270313 0.240625 0.359375
0 0.479687 0.275000 0.118750 0.350000
1 0.568750 0.310937 0.059375 0.278125
1 0.958594 0.341406 0.082812 0.217188
0 0.827344 0.328906 0.151562 0.242188
4 0.703906 0.316406 0.157812 0.267188
5 0.597656 0.311719 0.117188 0.276562
10 0.741406 0.429688 0.045312 0.040625
2 0.058594 0.571875 0.117188 0.243750
1 0.163281 0.591406 0.132812 0.282813
6 0.263281 0.625000 0.157812 0.325000
10 0.276562 0.758594 0.046875 0.076563
7 0.378125 0.660156 0.128125 0.317188
8 0.466406 0.692187 0.145313 0.284375
6 0.892969 0.692969 0.214062 0.485938