0 0.048438 0.121875 0.096875 0.243750
8 0.045312 0.115625 0.090625 0.231250
10 0.014844 0.194531 0.029687 0.101562
0 0.045312 0.131250 0.090625 0.262500
0 0.047656 0.151562 0.095312 0.303125
5 0.548438 0.255469 0.178125 0.326562
8 0.679688 0.265625 0.165625 0.312500
10 0.718750 0.393750 0.059375 0.100000
7 0.824219 0.281250 0.157812 0.328125
5 0.925000 0.292187 0.150000 0.340625
2 0.035937 0.741406 0.071875 0.223438
4 0.031250 0.748437 0.062500 0.237500
6 0.035156 0.757031 0.070312 0.254688
10 0.035937 0.849219 0.040625 0.070312
0 0.105469 0.773438 0.132812 0.287500
0 0.192969 0.766406 0.092188 0.270313
1 0.286719 0.815625 0.095312 0.368750
1 0.393750 0.814844 0.187500 0.370312
9 0.510156 0.821094 0.198437 0.357812
2 0.646875 0.835938 0.200000 0.328125
7 0.775781 0.835156 0.160938 0.329688