2 0.160156 0.202344 0.151562 0.351562
3 0.320312 0.200000 0.162500 0.353125
7 0.472656 0.202344 0.145313 0.351562
10 0.522656 0.347656 0.048438 0.098437
6 0.634375 0.518750 0.078125 0.081250
6 0.697656 0.507812 0.070312 0.103125
6 0.772656 0.517188 0.073438 0.084375
7 0.837500 0.514062 0.065625 0.090625
6 0.365625 0.846875 0.165625 0.306250
6 0.496094 0.860938 0.107813 0.278125
10 0.539844 0.980469 0.020313 0.039062
1 0.575000 0.668750 0.050000 0.218750
8 0.633594 0.663281 0.145313 0.207813
10 0.680469 0.732031 0.054688 0.092188
0 0.767969 0.672656 0.160938 0.226562
1 0.926562 0.664062 0.140625 0.209375