2 0.042188 0.358594 0.084375 0.357812
3 0.044531 0.373437 0.089063 0.359375
7 0.091406 0.392969 0.164062 0.357812
10 0.143750 0.542188 0.053125 0.100000
0 0.254688 0.423438 0.187500 0.368750
0 0.410156 0.436719 0.207813 0.385937
4 0.602344 0.148438 0.167187 0.296875
2 0.748437 0.151562 0.184375 0.303125
0 0.904687 0.155469 0.168750 0.310937
10 0.966406 0.285156 0.067187 0.104688
0 0.365625 0.803906 0.162500 0.339062
7 0.247656 0.797656 0.129688 0.335938
10 0.416406 0.934375 0.070312 0.084375
5 0.470313 0.827344 0.096875 0.345313
4 0.685937 0.815625 0.203125 0.368750
9 0.840625 0.816406 0.184375 0.367188
10 0.889844 0.956250 0.067187 0.087500
6 0.948438 0.833594 0.103125 0.332813