1 0.110937 0.274219 0.146875 0.276562
1 0.317969 0.263281 0.042188 0.285938
9 0.206250 0.285156 0.162500 0.301563
1 0.396875 0.228125 0.115625 0.268750
1 0.500781 0.217188 0.135937 0.284375
5 0.582031 0.196094 0.151562 0.295312
10 0.655469 0.288281 0.070312 0.110937
0 0.692187 0.179688 0.162500 0.281250
0 0.800781 0.169531 0.173437 0.289062
6 0.046094 0.814844 0.092188 0.342187
1 0.025000 0.764062 0.050000 0.312500
10 0.007812 0.900000 0.015625 0.046875
0 0.050781 0.747656 0.101562 0.345313
1 0.204687 0.692969 0.140625 0.332813
6 0.609375 0.543750 0.171875 0.209375
0 0.739844 0.539062 0.189062 0.200000
10 0.831250 0.568750 0.043750 0.062500
0 0.881250 0.521094 0.193750 0.164062
2 0.960938 0.518750 0.078125 0.159375