7 0.176563 0.210938 0.115625 0.262500
4 0.288281 0.222656 0.107813 0.245312
10 0.337500 0.321875 0.050000 0.078125
0 0.393750 0.225000 0.115625 0.271875
0 0.512500 0.224219 0.118750 0.260937
2 0.619531 0.164844 0.060937 0.270313
2 0.617188 0.171094 0.056250 0.279687
0 0.666406 0.160156 0.114062 0.260937
0 0.771094 0.182031 0.123438 0.279687
10 0.609375 0.264062 0.040625 0.093750
2 0.018750 0.800781 0.037500 0.164062
6 0.086719 0.807031 0.064062 0.176563
10 0.128906 0.882812 0.023438 0.046875
0 0.164062 0.802344 0.059375 0.167187
1 0.254688 0.802344 0.037500 0.148438
0 0.651563 0.856250 0.103125 0.275000
0 0.740625 0.859375 0.103125 0.281250
7 0.836719 0.860156 0.092188 0.273438
2 0.916406 0.859375 0.092188 0.281250
0 0.978906 0.870313 0.042188 0.259375