2 0.268750 0.237500 0.246875 0.243750
0 0.401562 0.222656 0.175000 0.273438
3 0.553125 0.277344 0.128125 0.164062
8 0.643750 0.280469 0.181250 0.157812
8 0.892969 0.253125 0.185938 0.212500
9 0.764844 0.257812 0.189062 0.203125
4 0.100000 0.747656 0.140625 0.239063
6 0.175781 0.728906 0.135937 0.254688
10 0.240625 0.804688 0.043750 0.062500
0 0.264844 0.712500 0.129688 0.237500
0 0.348438 0.696875 0.125000 0.203125
1 0.765625 0.517188 0.143750 0.315625
7 0.878125 0.496875 0.181250 0.275000
7 0.973437 0.479687 0.053125 0.240625