2 0.046875 0.137500 0.093750 0.275000
0 0.057031 0.146875 0.114062 0.293750
6 0.173437 0.135937 0.150000 0.271875
10 0.250781 0.229687 0.067187 0.109375
0 0.309375 0.120313 0.156250 0.240625
0 0.432031 0.129688 0.114062 0.259375
1 0.675781 0.435156 0.092188 0.223438
9 0.741406 0.437500 0.092188 0.234375
4 0.831250 0.437500 0.093750 0.215625
0 0.928125 0.446094 0.090625 0.226562
0 0.982812 0.446875 0.034375 0.225000
10 0.881250 0.522656 0.037500 0.073438
1 0.133594 0.735156 0.123438 0.351562
7 0.263281 0.724219 0.160938 0.329688
9 0.409375 0.731250 0.159375 0.343750
10 0.481250 0.850000 0.015625 0.109375
5 0.532813 0.900000 0.087500 0.200000
4 0.658594 0.900781 0.132812 0.198437
0 0.815625 0.900781 0.165625 0.198437
1 0.975000 0.899219 0.050000 0.201563