1 0.047656 0.146875 0.095312 0.293750
7 0.139844 0.122656 0.173437 0.245312
5 0.277344 0.107031 0.145313 0.214062
4 0.405469 0.185156 0.110937 0.370312
4 0.610156 0.154688 0.204687 0.309375
5 0.456250 0.171094 0.212500 0.342187
10 0.552344 0.286719 0.064062 0.107813
6 0.783594 0.144531 0.229687 0.289062
6 0.067969 0.559375 0.135937 0.281250
8 0.113281 0.543750 0.226562 0.250000
10 0.221094 0.578906 0.079687 0.142187
0 0.255469 0.539062 0.189062 0.240625
2 0.390625 0.756250 0.081250 0.334375
2 0.498437 0.728906 0.184375 0.354687
1 0.685156 0.707031 0.123438 0.354687
10 0.739844 0.817187 0.045312 0.078125
0 0.804688 0.678906 0.200000 0.364063
0 0.924219 0.653906 0.151562 0.367188