1 0.040625 0.208594 0.081250 0.398438
7 0.056250 0.179688 0.112500 0.359375
5 0.167187 0.164062 0.162500 0.328125
10 0.260156 0.296094 0.064062 0.120313
0 0.322656 0.167187 0.207813 0.334375
0 0.462500 0.148438 0.193750 0.296875
1 0.848437 0.330469 0.068750 0.235937
8 0.929688 0.328125 0.128125 0.268750
1 0.073438 0.932813 0.146875 0.134375
1 0.289062 0.903125 0.187500 0.193750
7 0.166406 0.912500 0.192188 0.175000
0 0.419531 0.895312 0.179688 0.209375
0 0.506250 0.878906 0.106250 0.242188
8 0.892969 0.615625 0.126562 0.193750
5 0.958594 0.603125 0.082812 0.168750