6 0.050781 0.310156 0.101562 0.329688
5 0.164062 0.298438 0.162500 0.331250
10 0.243750 0.424219 0.071875 0.104688
0 0.306250 0.307812 0.175000 0.325000
0 0.444531 0.299219 0.170313 0.354687
7 0.571094 0.092188 0.064062 0.184375
7 0.567969 0.072656 0.057813 0.145313
10 0.578906 0.123438 0.042188 0.065625
0 0.631250 0.073438 0.131250 0.146875
5 0.032031 0.600781 0.064062 0.142187
2 0.073438 0.598437 0.137500 0.137500
10 0.146094 0.548438 0.067187 0.037500
0 0.217188 0.612500 0.162500 0.165625
1 0.325781 0.584375 0.067187 0.109375
9 0.910156 0.821875 0.117188 0.281250
8 0.977344 0.819531 0.045312 0.279687