5 0.264844 0.331250 0.192188 0.237500
6 0.410938 0.317188 0.184375 0.265625
0 0.545312 0.300781 0.187500 0.298438
0 0.828125 0.163281 0.234375 0.326562
0 0.927344 0.157812 0.145313 0.315625
1 0.712500 0.170313 0.146875 0.340625
10 0.778906 0.286719 0.054688 0.092188
4 0.698438 0.199219 0.118750 0.398438
2 0.115625 0.715625 0.231250 0.443750
9 0.267188 0.699219 0.256250 0.442188
7 0.423438 0.666406 0.209375 0.417187
10 0.521875 0.781250 0.075000 0.112500
0 0.545312 0.638281 0.187500 0.376563
5 0.777344 0.647656 0.214062 0.332813
1 0.932031 0.590625 0.135937 0.281250
10 0.987500 0.685156 0.025000 0.123438
0 0.968750 0.602344 0.062500 0.304688