5 0.177344 0.379688 0.167187 0.200000
6 0.327344 0.367188 0.160938 0.225000
0 0.471875 0.353125 0.181250 0.253125
0 0.569531 0.335156 0.079687 0.289062
4 0.925781 0.215625 0.148438 0.393750
4 0.169531 0.603125 0.235937 0.246875
7 0.330469 0.575781 0.167187 0.192188
10 0.421875 0.634375 0.059375 0.125000
0 0.489844 0.572656 0.207813 0.185938
8 0.716406 0.742969 0.092188 0.192188
8 0.800000 0.728125 0.093750 0.203125
10 0.861719 0.790625 0.020313 0.025000
1 0.903125 0.693750 0.062500 0.184375
4 0.962500 0.684375 0.075000 0.196875