5 0.090625 0.108594 0.181250 0.217188
5 0.243750 0.105469 0.153125 0.210938
10 0.335156 0.125000 0.051562 0.146875
0 0.439063 0.103906 0.181250 0.207813
1 0.563281 0.110937 0.067187 0.221875
7 0.674219 0.110937 0.157812 0.221875
0 0.827344 0.118750 0.182812 0.237500
10 0.920312 0.152344 0.075000 0.110937
3 0.297656 0.637500 0.082812 0.287500
7 0.442188 0.642969 0.078125 0.289062
0 0.517969 0.652344 0.023438 0.301563
10 0.487500 0.767188 0.015625 0.037500
1 0.741406 0.559375 0.095312 0.159375
1 0.859375 0.553125 0.084375 0.146875
0 0.947656 0.553125 0.104688 0.146875
10 0.994531 0.576562 0.010937 0.068750