5 0.069531 0.322656 0.139063 0.392188
5 0.052344 0.312500 0.104688 0.412500
10 0.036719 0.465625 0.073438 0.106250
0 0.125000 0.308594 0.250000 0.420312
1 0.353906 0.270313 0.170313 0.481250
4 0.743750 0.117969 0.175000 0.235937
6 0.864062 0.107813 0.156250 0.215625
10 0.933594 0.178125 0.064062 0.109375
5 0.040625 0.806250 0.081250 0.296875
0 0.119531 0.798438 0.145313 0.303125
0 0.235937 0.779687 0.156250 0.268750
0 0.339062 0.770312 0.134375 0.278125
10 0.183594 0.885938 0.051562 0.071875
2 0.734375 0.932031 0.156250 0.135937
6 0.854688 0.928906 0.156250 0.142187
2 0.946094 0.906250 0.107813 0.187500