5 0.207031 0.311719 0.214062 0.310937
3 0.332031 0.268750 0.179688 0.315625
8 0.425000 0.238281 0.128125 0.295312
1 0.534375 0.166406 0.090625 0.332813
3 0.547656 0.170313 0.117188 0.340625
5 0.571094 0.146875 0.164062 0.293750
10 0.639844 0.225000 0.076563 0.100000
0 0.685937 0.134375 0.215625 0.268750
0 0.832031 0.115625 0.226562 0.231250
3 0.225781 0.722656 0.207813 0.367188
1 0.417969 0.695312 0.142187 0.312500
10 0.469531 0.802344 0.039062 0.107813
0 0.459375 0.699219 0.059375 0.320312
5 0.792969 0.918750 0.173437 0.162500
3 0.907813 0.911719 0.159375 0.176563
4 0.966406 0.889844 0.067187 0.220312