5 0.539062 0.084375 0.087500 0.168750
9 0.621875 0.083594 0.075000 0.167187
0 0.699219 0.084375 0.082812 0.168750
1 0.808594 0.078125 0.039062 0.156250
10 0.820312 0.143750 0.012500 0.031250
1 0.880469 0.073438 0.032813 0.146875
1 0.164062 0.026562 0.009375 0.053125
8 0.185938 0.033594 0.053125 0.067187
0 0.053906 0.793750 0.107813 0.412500
0 0.079687 0.782813 0.159375 0.434375
6 0.053125 0.784375 0.106250 0.431250
4 0.061719 0.783594 0.123438 0.432812
6 0.420312 0.588281 0.162500 0.360938
7 0.591406 0.578906 0.120313 0.345313
10 0.667969 0.759375 0.073438 0.131250
0 0.753125 0.580469 0.162500 0.357812
2 0.897656 0.569531 0.157812 0.354687