2 0.079687 0.153906 0.146875 0.307812
9 0.237500 0.159375 0.159375 0.318750
7 0.399219 0.155469 0.114062 0.310937
10 0.464062 0.240625 0.053125 0.103125
0 0.540625 0.142969 0.118750 0.285938
1 0.630469 0.216406 0.060937 0.432812
0 0.639844 0.226562 0.079687 0.440625
6 0.637500 0.210156 0.075000 0.420312
10 0.686719 0.369531 0.067187 0.164062
0 0.812500 0.205469 0.178125 0.410938
2 0.952344 0.222656 0.095312 0.445312
5 0.053125 0.711719 0.106250 0.245312
4 0.056250 0.704688 0.112500 0.231250
0 0.225781 0.703125 0.176563 0.228125
0 0.398438 0.702344 0.181250 0.226562
10 0.118750 0.626563 0.065625 0.075000
4 0.619531 0.946875 0.039062 0.106250
7 0.619531 0.938281 0.039062 0.123438
0 0.697656 0.936719 0.079687 0.126562
2 0.804688 0.929688 0.075000 0.140625