2 0.042969 0.178906 0.085938 0.357812
9 0.046094 0.183594 0.092188 0.367188
7 0.111719 0.176563 0.139063 0.353125
10 0.185938 0.279687 0.059375 0.106250
0 0.268750 0.164062 0.178125 0.328125
1 0.447656 0.153906 0.145313 0.307812
4 0.629687 0.174219 0.100000 0.348438
5 0.733594 0.174219 0.142187 0.348438
10 0.807813 0.289062 0.056250 0.109375
0 0.871094 0.164062 0.148438 0.328125
0 0.965625 0.161719 0.068750 0.323437
6 0.059375 0.691406 0.118750 0.464062
6 0.053125 0.688281 0.106250 0.457813
6 0.186719 0.678906 0.210938 0.439063
2 0.422656 0.674219 0.242188 0.429688
10 0.090625 0.853906 0.081250 0.139063
6 0.643750 0.738281 0.128125 0.523438
0 0.654687 0.747656 0.150000 0.501563
10 0.718750 0.939063 0.071875 0.121875
9 0.841406 0.735156 0.251563 0.529687