4 0.100781 0.064062 0.170313 0.128125
0 0.208594 0.063281 0.160938 0.126562
0 0.332813 0.066406 0.168750 0.132812
0 0.451562 0.067187 0.178125 0.134375
10 0.246094 0.043750 0.073438 0.087500
5 0.712500 0.114062 0.125000 0.228125
0 0.708594 0.124219 0.117188 0.248438
10 0.670312 0.225781 0.040625 0.120313
6 0.710938 0.146875 0.121875 0.293750
9 0.824219 0.159375 0.220312 0.318750
5 0.085156 0.799219 0.170313 0.401562
9 0.211719 0.822656 0.260937 0.354687
1 0.425000 0.848437 0.218750 0.303125
9 0.544531 0.862500 0.210938 0.275000
10 0.970313 0.790625 0.059375 0.100000
8 0.898438 0.644531 0.203125 0.370312
2 0.772656 0.621875 0.245312 0.325000