6 0.039844 0.291406 0.079687 0.304688
10 0.011719 0.429688 0.023438 0.043750
1 0.144531 0.339062 0.114062 0.318750
9 0.261719 0.358594 0.160938 0.329688
0 0.658594 0.249219 0.270313 0.423438
0 0.834375 0.300000 0.284375 0.450000
5 0.514062 0.232031 0.128125 0.442188
1 0.497656 0.225000 0.095312 0.450000
10 0.502344 0.411719 0.076563 0.139063
1 0.026562 0.678125 0.053125 0.256250
0 0.044531 0.688281 0.089063 0.276562
0 0.068750 0.709375 0.137500 0.318750
0 0.214844 0.726562 0.192188 0.353125
4 0.369531 0.755469 0.160938 0.360938
10 0.089063 0.845313 0.037500 0.059375
1 0.524219 0.904687 0.148438 0.190625
5 0.614844 0.912500 0.226562 0.175000
0 0.753125 0.903906 0.209375 0.192188
0 0.896094 0.929688 0.207813 0.140625