2 0.028125 0.313281 0.056250 0.310937
3 0.028125 0.310156 0.056250 0.335938
2 0.028125 0.295312 0.056250 0.318750
10 0.004687 0.410938 0.009375 0.043750
0 0.032813 0.274219 0.065625 0.310937
1 0.122656 0.259375 0.067187 0.328125
2 0.396094 0.101562 0.104688 0.203125
1 0.504687 0.092969 0.081250 0.185938
9 0.577344 0.092188 0.101562 0.184375
10 0.625000 0.151562 0.025000 0.056250
0 0.676562 0.085156 0.090625 0.170313
0 0.778125 0.078906 0.109375 0.157812
7 0.025000 0.591406 0.050000 0.164062
9 0.027344 0.583594 0.054688 0.148438
0 0.043750 0.586719 0.087500 0.154688
0 0.164062 0.585938 0.115625 0.153125
10 0.007812 0.601562 0.015625 0.046875
2 0.323437 0.801562 0.146875 0.396875
9 0.518750 0.806250 0.146875 0.387500
4 0.703906 0.806250 0.139063 0.371875
10 0.786719 0.962500 0.029687 0.040625
0 0.876563 0.803125 0.159375 0.393750
1 0.982031 0.775781 0.035937 0.357812