2 0.032031 0.099219 0.064062 0.198437
3 0.053125 0.092188 0.106250 0.184375
2 0.149219 0.074219 0.132812 0.148438
10 0.215625 0.098437 0.021875 0.037500
0 0.267188 0.064844 0.146875 0.129688
1 0.397656 0.066406 0.098437 0.132812
4 0.621875 0.135156 0.084375 0.270313
3 0.612500 0.102344 0.065625 0.204687
0 0.678906 0.085938 0.154688 0.171875
2 0.780469 0.067969 0.142187 0.135937
10 0.627344 0.159375 0.029687 0.040625
6 0.042188 0.614062 0.084375 0.268750
4 0.042969 0.596875 0.085938 0.234375
10 0.021094 0.664062 0.032813 0.053125
0 0.089844 0.583594 0.179688 0.207813
6 0.696875 0.622656 0.125000 0.260937
3 0.793750 0.607031 0.118750 0.254688
0 0.884375 0.597656 0.118750 0.235937
10 0.947656 0.685937 0.014063 0.025000
2 0.957812 0.589063 0.084375 0.218750