2 0.229687 0.193750 0.134375 0.271875
2 0.333594 0.199219 0.142187 0.260937
8 0.413281 0.215625 0.092188 0.228125
6 0.789062 0.083594 0.203125 0.167187
1 0.944531 0.102344 0.110937 0.204687
10 0.971875 0.165625 0.056250 0.100000
2 0.073438 0.658594 0.146875 0.610938
2 0.208594 0.687500 0.295312 0.581250
1 0.402344 0.741406 0.114062 0.517188
1 0.502344 0.777344 0.085938 0.335938
7 0.623437 0.785937 0.146875 0.331250
8 0.739844 0.807813 0.170313 0.340625
10 0.801562 0.950781 0.040625 0.070312
0 0.910156 0.821094 0.167187 0.332813