2 0.035156 0.137500 0.070312 0.275000
2 0.100000 0.151562 0.150000 0.303125
2 0.310156 0.178125 0.139063 0.275000
8 0.204687 0.167187 0.146875 0.281250
7 0.418750 0.192969 0.143750 0.285938
10 0.240625 0.268750 0.056250 0.078125
6 0.874219 0.074219 0.101562 0.148438
9 0.948438 0.079687 0.084375 0.159375
10 0.970313 0.136719 0.025000 0.042188
0 0.986719 0.083594 0.026562 0.167187
5 0.048438 0.596875 0.096875 0.346875
6 0.144531 0.632812 0.170313 0.343750
0 0.275000 0.663281 0.165625 0.304688
0 0.407813 0.666406 0.168750 0.314063
10 0.192188 0.756250 0.071875 0.093750
7 0.732031 0.672656 0.179688 0.351562
4 0.864844 0.689063 0.167187 0.325000
10 0.913281 0.828125 0.067187 0.090625
4 0.968750 0.714844 0.062500 0.317188