6 0.059375 0.306250 0.115625 0.146875
5 0.223438 0.303125 0.103125 0.153125
0 0.385937 0.316406 0.128125 0.126562
0 0.517188 0.319531 0.084375 0.120313
6 0.578906 0.260156 0.039062 0.239063
3 0.596094 0.262500 0.070312 0.234375
0 0.687500 0.267188 0.071875 0.225000
10 0.728906 0.376563 0.007812 0.006250
2 0.778906 0.267969 0.073438 0.223438
0 0.032813 0.565625 0.065625 0.337500
0 0.063281 0.564844 0.114062 0.351562
0 0.179688 0.589063 0.115625 0.343750
6 0.279687 0.589844 0.109375 0.326562
8 0.386719 0.601562 0.114062 0.315625
0 0.483594 0.600000 0.107813 0.300000
10 0.539844 0.734375 0.029687 0.053125
4 0.542969 0.614062 0.032813 0.278125
5 0.595313 0.721875 0.071875 0.334375
6 0.679688 0.737500 0.121875 0.331250
0 0.812500 0.748437 0.125000 0.290625
0 0.940625 0.732031 0.118750 0.298438
10 0.742969 0.853125 0.060937 0.087500