6 0.039062 0.117188 0.078125 0.234375
5 0.161719 0.103125 0.145313 0.206250
10 0.246094 0.171875 0.035937 0.056250
0 0.324219 0.098437 0.167187 0.196875
1 0.517969 0.092188 0.085938 0.184375
2 0.592969 0.097656 0.120313 0.195312
4 0.685156 0.083594 0.114062 0.167187
10 0.738281 0.137500 0.029687 0.062500
0 0.775000 0.081250 0.125000 0.162500
1 0.885156 0.071094 0.101562 0.142187
7 0.125781 0.685937 0.207813 0.253125
3 0.283594 0.671875 0.204687 0.225000
10 0.388281 0.727344 0.089063 0.107813
0 0.411719 0.668750 0.095312 0.218750
4 0.850000 0.699219 0.190625 0.279687
1 0.961719 0.689063 0.076563 0.259375