6 0.072656 0.200781 0.145313 0.401562
6 0.167187 0.184375 0.271875 0.368750
6 0.375000 0.160156 0.250000 0.320312
10 0.315625 0.285156 0.096875 0.142187
7 0.617188 0.209375 0.209375 0.418750
0 0.747656 0.170313 0.204687 0.340625
0 0.901563 0.157031 0.196875 0.314063
10 0.855469 0.295312 0.082812 0.096875
2 0.047656 0.689844 0.095312 0.232813
9 0.139063 0.675781 0.112500 0.223438
0 0.228125 0.664062 0.106250 0.209375
0 0.319531 0.650000 0.114062 0.181250
10 0.203125 0.769531 0.025000 0.039062
3 0.545312 0.810156 0.090625 0.379688
5 0.553906 0.792969 0.107813 0.342187
10 0.621094 0.904687 0.073438 0.115625
2 0.677344 0.763281 0.185938 0.357812
8 0.825000 0.727344 0.184375 0.335938