6 0.110937 0.184375 0.221875 0.368750
6 0.307031 0.187500 0.232813 0.362500
6 0.528125 0.201563 0.228125 0.334375
0 0.723437 0.277344 0.087500 0.182812
0 0.773438 0.317969 0.153125 0.101562
1 0.708594 0.307812 0.057813 0.121875
3 0.871094 0.324219 0.129688 0.089063
4 0.091406 0.881250 0.139063 0.237500
3 0.237500 0.881250 0.112500 0.237500
0 0.360156 0.878906 0.129688 0.242188
0 0.486719 0.886719 0.117188 0.226562
2 0.735938 0.737500 0.100000 0.231250
9 0.838281 0.755469 0.095312 0.220312
0 0.932031 0.758594 0.089063 0.239063
0 0.988281 0.768750 0.023438 0.221875
10 0.867188 0.864844 0.021875 0.039062