4 0.108594 0.161719 0.145313 0.095312
7 0.213281 0.150781 0.107813 0.117188
0 0.324219 0.146094 0.142187 0.126562
0 0.437500 0.146875 0.137500 0.125000
0 0.149219 0.437500 0.107813 0.246875
0 0.252344 0.428906 0.104688 0.239063
0 0.346094 0.412500 0.104688 0.234375
7 0.448437 0.401562 0.087500 0.231250
2 0.300781 0.615625 0.051562 0.125000
2 0.561719 0.641406 0.085938 0.317188
2 0.596094 0.601562 0.145313 0.309375
6 0.725000 0.585938 0.165625 0.312500
10 0.821094 0.687500 0.064062 0.115625
0 0.875781 0.566406 0.160938 0.314063
0 0.966406 0.525000 0.067187 0.300000