4 0.034375 0.219531 0.068750 0.317188
7 0.035937 0.194531 0.071875 0.264062
10 0.055469 0.335156 0.032813 0.117188
0 0.126562 0.223438 0.137500 0.293750
0 0.238281 0.239844 0.132812 0.276562
7 0.628125 0.239063 0.284375 0.478125
7 0.550781 0.215625 0.142187 0.431250
10 0.721875 0.389062 0.112500 0.168750
0 0.870313 0.239844 0.259375 0.479687
1 0.046094 0.841406 0.092188 0.317188
0 0.148438 0.843750 0.178125 0.312500
8 0.327344 0.856250 0.167187 0.287500
0 0.438281 0.860156 0.082812 0.279687
2 0.666406 0.798438 0.167187 0.278125
2 0.830469 0.807031 0.160938 0.295312
4 0.961719 0.800781 0.076563 0.282813