4 0.190625 0.264062 0.162500 0.318750
9 0.333594 0.234375 0.176563 0.328125
1 0.510156 0.199219 0.114062 0.314063
10 0.568750 0.325000 0.034375 0.059375
0 0.631250 0.172656 0.178125 0.335938
0 0.733594 0.151562 0.092188 0.303125
1 0.233594 0.646094 0.098437 0.154688
6 0.335156 0.645312 0.157812 0.153125
7 0.485156 0.643750 0.135937 0.150000
8 0.610938 0.642188 0.153125 0.146875
8 0.729688 0.641406 0.100000 0.145313
10 0.555469 0.653906 0.029687 0.042188
0 0.845313 0.803906 0.131250 0.392188
9 0.908594 0.794531 0.182812 0.410938
10 0.986719 0.928906 0.026562 0.135937