4 0.028906 0.189062 0.057813 0.309375
9 0.054688 0.180469 0.109375 0.320312
1 0.225781 0.174219 0.064062 0.314063
10 0.271094 0.306250 0.026562 0.056250
0 0.348438 0.164844 0.128125 0.326562
9 0.467187 0.300781 0.075000 0.357812
9 0.540625 0.294531 0.221875 0.370312
9 0.723437 0.284375 0.196875 0.390625
10 0.825781 0.449219 0.073438 0.060937
0 0.909375 0.264062 0.181250 0.431250
3 0.248438 0.570312 0.171875 0.181250
1 0.392969 0.566406 0.073438 0.173437
0 0.973437 0.542969 0.053125 0.126562
3 0.897656 0.539844 0.085938 0.120313
2 0.789844 0.540625 0.123438 0.121875
10 0.940625 0.576562 0.037500 0.068750