0 0.405469 0.347656 0.067187 0.423438
4 0.271094 0.348438 0.176563 0.421875
6 0.100000 0.353125 0.200000 0.412500
10 0.362500 0.517969 0.062500 0.082812
6 0.621094 0.355469 0.139063 0.376563
3 0.816406 0.346875 0.114062 0.378125
7 0.972656 0.328906 0.054688 0.364063
6 0.031250 0.642188 0.062500 0.165625
8 0.065625 0.640625 0.115625 0.162500
10 0.141406 0.606250 0.042188 0.093750
0 0.225000 0.647656 0.137500 0.176563
0 0.366406 0.641406 0.129688 0.164062
0 0.663281 0.642969 0.098437 0.167187
1 0.764844 0.638281 0.067187 0.157812
5 0.561719 0.646094 0.085938 0.173437
8 0.475000 0.646875 0.071875 0.175000
10 0.614844 0.706250 0.039062 0.059375