4 0.192969 0.239063 0.273438 0.478125
3 0.637500 0.146875 0.137500 0.265625
1 0.834375 0.192188 0.084375 0.237500
10 0.896094 0.318750 0.020313 0.031250
1 0.339844 0.032031 0.020313 0.064062
8 0.346875 0.035156 0.034375 0.070312
1 0.582031 0.133594 0.079687 0.242188
5 0.721094 0.164844 0.129688 0.254688
0 0.878906 0.211719 0.126562 0.245312
0 0.953906 0.226562 0.092188 0.221875
2 0.470313 0.790625 0.209375 0.181250
5 0.626563 0.785937 0.171875 0.171875
5 0.775781 0.783594 0.160938 0.167187
0 0.911719 0.782813 0.176563 0.165625
10 0.807813 0.807031 0.034375 0.051562