4 0.072656 0.206250 0.145313 0.393750
2 0.229687 0.183594 0.168750 0.367188
10 0.317188 0.321094 0.075000 0.126562
0 0.375000 0.183594 0.128125 0.367188
9 0.481250 0.389844 0.084375 0.298438
8 0.623437 0.388281 0.156250 0.301563
0 0.825000 0.375781 0.156250 0.326562
0 0.958594 0.378906 0.082812 0.320312
6 0.046094 0.883594 0.092188 0.232813
2 0.073438 0.879687 0.146875 0.240625
0 0.264062 0.874219 0.193750 0.251563
0 0.401562 0.864844 0.075000 0.270313
2 0.550000 0.647656 0.112500 0.217188
8 0.646094 0.639062 0.101562 0.200000
10 0.688281 0.707812 0.029687 0.056250
0 0.732812 0.628125 0.090625 0.178125
0 0.819531 0.626563 0.098437 0.175000