4 0.121875 0.144531 0.225000 0.289062
0 0.266406 0.147656 0.198437 0.295312
0 0.431250 0.157031 0.196875 0.314063
10 0.329688 0.240625 0.065625 0.125000
9 0.551562 0.086719 0.043750 0.173437
3 0.621094 0.103125 0.092188 0.206250
0 0.711719 0.104688 0.089063 0.209375
2 0.800781 0.124219 0.085938 0.217188
10 0.655469 0.188281 0.023438 0.039062
0 0.048438 0.832812 0.096875 0.334375
0 0.074219 0.842969 0.148438 0.314063
4 0.191406 0.855469 0.176563 0.289062
4 0.419531 0.863281 0.160938 0.273438
4 0.494531 0.864062 0.070312 0.271875
1 0.335938 0.869531 0.125000 0.260937
1 0.771094 0.662500 0.148438 0.287500
9 0.903125 0.674219 0.193750 0.310937