2 0.052344 0.112500 0.104688 0.225000
2 0.063281 0.132812 0.126562 0.265625
4 0.188281 0.139844 0.179688 0.279687
10 0.221875 0.266406 0.037500 0.054688
0 0.333594 0.163281 0.210938 0.326562
0 0.469531 0.197656 0.160938 0.370312
9 0.611719 0.188281 0.123438 0.376563
9 0.750781 0.210156 0.323437 0.420312
9 0.900000 0.205469 0.200000 0.410938
10 0.971094 0.364844 0.057813 0.142187
3 0.224219 0.648438 0.120313 0.118750
8 0.326562 0.659375 0.131250 0.140625
0 0.426563 0.675781 0.137500 0.173437
1 0.529687 0.682031 0.040625 0.185938
10 0.350000 0.724219 0.021875 0.032813
6 0.581250 0.636719 0.062500 0.095312
5 0.584375 0.639062 0.068750 0.100000
0 0.655469 0.644531 0.129688 0.110937
1 0.741406 0.657031 0.120313 0.135937
10 0.582031 0.675000 0.051562 0.065625