1 0.029687 0.314844 0.059375 0.248438
5 0.037500 0.310156 0.075000 0.257812
0 0.046094 0.287500 0.092188 0.303125
0 0.153125 0.292187 0.140625 0.293750
1 0.265625 0.275000 0.103125 0.278125
10 0.089063 0.392188 0.065625 0.093750
1 0.484375 0.300781 0.050000 0.276562
0 0.492188 0.294531 0.065625 0.289062
8 0.490625 0.290625 0.062500 0.296875
10 0.496875 0.402344 0.053125 0.073438
0 0.559375 0.280469 0.146875 0.317188
1 0.726562 0.267188 0.087500 0.287500
1 0.025781 0.646094 0.051562 0.285938
5 0.034375 0.651563 0.068750 0.284375
3 0.057813 0.628125 0.106250 0.259375
10 0.110937 0.721875 0.043750 0.062500
0 0.167187 0.615625 0.128125 0.278125
5 0.280469 0.610938 0.129688 0.287500
3 0.475781 0.623437 0.032813 0.181250
3 0.477344 0.608594 0.035937 0.176563
1 0.578906 0.646094 0.089063 0.257812
6 0.654687 0.640625 0.121875 0.293750
4 0.743750 0.649219 0.118750 0.273438
2 0.835156 0.637500 0.114062 0.284375
2 0.911719 0.615625 0.110937 0.281250
2 0.967969 0.609375 0.064062 0.256250
10 0.947656 0.721094 0.029687 0.057813