1 0.242969 0.103906 0.142187 0.207813
5 0.333594 0.119531 0.132812 0.239063
1 0.517969 0.058594 0.039062 0.117188
8 0.597656 0.064844 0.098437 0.129688
3 0.710938 0.059375 0.087500 0.118750
0 0.812500 0.059375 0.093750 0.118750
1 0.940625 0.054688 0.046875 0.109375
10 0.749219 0.036719 0.026562 0.035937
8 0.324219 0.869531 0.151562 0.260937
9 0.534375 0.877344 0.053125 0.176563
9 0.592187 0.883594 0.081250 0.182812
9 0.666406 0.889844 0.089063 0.195312
10 0.695312 0.947656 0.025000 0.042188
0 0.738281 0.890625 0.073438 0.171875
0 0.811719 0.887500 0.082812 0.165625