2 0.116406 0.075781 0.120313 0.151562
2 0.232031 0.090625 0.120313 0.181250
0 0.342187 0.111719 0.125000 0.223438
10 0.375781 0.225000 0.057813 0.090625
0 0.452344 0.130469 0.132812 0.260937
1 0.619531 0.153125 0.201563 0.306250
7 0.768750 0.174219 0.178125 0.348438
10 0.811719 0.291406 0.048438 0.089063
0 0.908594 0.175000 0.182812 0.346875
0 0.978906 0.195312 0.042188 0.368750
1 0.248438 0.692187 0.206250 0.225000
7 0.400000 0.713281 0.178125 0.267188
10 0.442969 0.789844 0.048438 0.089063
0 0.483594 0.713281 0.070312 0.267188
2 0.558594 0.814063 0.079687 0.318750
8 0.675781 0.824219 0.154688 0.320312
3 0.796094 0.841406 0.176563 0.317188
10 0.821875 0.958594 0.056250 0.082812
0 0.908594 0.846094 0.182812 0.307812
0 0.978125 0.861719 0.043750 0.276562