2 0.027344 0.152344 0.054688 0.239063
2 0.123438 0.160156 0.106250 0.229687
0 0.239063 0.168750 0.109375 0.240625
10 0.298438 0.282031 0.053125 0.089063
0 0.354687 0.164062 0.125000 0.268750
1 0.704688 0.095312 0.031250 0.190625
4 0.721875 0.091406 0.065625 0.182812
2 0.827344 0.081250 0.120313 0.162500
10 0.898438 0.134375 0.031250 0.053125
0 0.951562 0.078906 0.096875 0.157812
7 0.138281 0.692187 0.123438 0.234375
7 0.239063 0.689844 0.100000 0.223438
10 0.271875 0.757812 0.040625 0.081250
0 0.323437 0.688281 0.103125 0.226562
2 0.403906 0.676562 0.104688 0.209375
5 0.734375 0.784375 0.090625 0.293750
3 0.725000 0.757031 0.071875 0.304688
8 0.760938 0.740625 0.143750 0.284375
10 0.828906 0.846094 0.032813 0.070312
1 0.921875 0.724219 0.143750 0.301563