0 0.032031 0.157812 0.064062 0.243750
0 0.063281 0.147656 0.126562 0.264062
0 0.246875 0.148438 0.115625 0.262500
2 0.163281 0.150781 0.120313 0.257812
6 0.336719 0.142187 0.120313 0.275000
3 0.413281 0.142969 0.092188 0.273438
10 0.456250 0.252344 0.006250 0.048438
6 0.871094 0.229687 0.179688 0.100000
2 0.131250 0.446094 0.159375 0.295312
3 0.271094 0.435937 0.157812 0.290625
0 0.375781 0.428906 0.142187 0.298438
10 0.441406 0.519531 0.035937 0.092188
7 0.503125 0.654687 0.087500 0.368750
1 0.586719 0.636719 0.151562 0.367188
10 0.657031 0.771875 0.057813 0.125000
0 0.735156 0.619531 0.195312 0.382812
0 0.898438 0.607031 0.203125 0.398438