0 0.055469 0.432812 0.110937 0.093750
0 0.127344 0.422656 0.139063 0.114062
0 0.311719 0.423438 0.123438 0.112500
2 0.229687 0.425781 0.128125 0.107813
6 0.399219 0.417969 0.120313 0.123438
0 0.487500 0.228906 0.056250 0.260937
0 0.487500 0.208594 0.056250 0.260937
4 0.528125 0.191406 0.112500 0.245312
3 0.610156 0.189062 0.110937 0.259375
0 0.692969 0.167187 0.114062 0.250000
3 0.774219 0.155469 0.104688 0.257812
6 0.857812 0.203125 0.059375 0.125000
10 0.829688 0.245312 0.021875 0.034375
3 0.062500 0.735938 0.125000 0.359375
5 0.197656 0.697656 0.145313 0.342187
10 0.289844 0.835938 0.035937 0.050000
0 0.352344 0.676562 0.148438 0.331250
6 0.815625 0.726562 0.156250 0.300000
6 0.924219 0.717187 0.151562 0.331250