1 0.042188 0.238281 0.084375 0.260937
0 0.423438 0.286719 0.228125 0.164062
0 0.251563 0.267188 0.209375 0.203125
4 0.094531 0.255469 0.189062 0.226562
7 0.860156 0.208594 0.179688 0.320312
9 0.939063 0.228125 0.121875 0.281250
1 0.026562 0.614062 0.053125 0.271875
9 0.035937 0.643750 0.071875 0.290625
2 0.085938 0.675000 0.162500 0.293750
2 0.187500 0.708594 0.150000 0.289062
8 0.280469 0.739844 0.145313 0.270313
10 0.195312 0.841406 0.025000 0.042188
1 0.849219 0.463281 0.135937 0.189062
2 0.689063 0.449219 0.193750 0.160938
4 0.930469 0.474219 0.139063 0.210938
10 0.964844 0.560937 0.054688 0.081250