2 0.032813 0.211719 0.065625 0.242188
0 0.036719 0.184375 0.073438 0.256250
6 0.042188 0.156250 0.084375 0.293750
10 0.082031 0.225781 0.029687 0.045312
0 0.110156 0.121094 0.151562 0.242188
1 0.242188 0.101562 0.112500 0.203125
6 0.732812 0.340625 0.128125 0.212500
6 0.817969 0.311719 0.151562 0.257812
10 0.872656 0.389844 0.035937 0.042188
0 0.896875 0.282813 0.125000 0.206250
0 0.955469 0.266406 0.089063 0.242188
2 0.104688 0.503906 0.093750 0.089063
0 0.166406 0.502344 0.098437 0.085938
1 0.235156 0.497656 0.079687 0.076563
10 0.266406 0.502344 0.023438 0.039062
0 0.290625 0.500781 0.096875 0.082812
2 0.502344 0.637500 0.145313 0.356250
2 0.523438 0.617188 0.187500 0.315625
2 0.636719 0.598437 0.270313 0.278125
10 0.734375 0.646875 0.109375 0.137500
0 0.789062 0.575781 0.271875 0.232813
0 0.912500 0.561719 0.175000 0.204687