2 0.297656 0.155469 0.082812 0.232813
0 0.415625 0.159375 0.096875 0.243750
6 0.537500 0.159375 0.093750 0.284375
10 0.593750 0.244531 0.021875 0.042188
0 0.608594 0.139063 0.020313 0.253125
1 0.859375 0.438281 0.103125 0.201563
0 0.949219 0.435156 0.101562 0.207813
6 0.181250 0.702344 0.100000 0.254688
6 0.371875 0.710156 0.090625 0.226562
2 0.278125 0.703125 0.084375 0.234375
7 0.470313 0.702344 0.081250 0.226562
10 0.316406 0.791406 0.035937 0.067187
1 0.737500 0.868750 0.118750 0.262500
0 0.855469 0.882031 0.164062 0.235937
8 0.962500 0.885156 0.075000 0.229687