1 0.026562 0.116406 0.053125 0.232813
9 0.115625 0.123438 0.121875 0.246875
1 0.268750 0.104688 0.068750 0.209375
0 0.361719 0.103125 0.123438 0.206250
1 0.516406 0.098437 0.076563 0.196875
10 0.305469 0.195312 0.029687 0.046875
3 0.956250 0.335938 0.087500 0.165625
2 0.139063 0.842969 0.137500 0.292187
1 0.323437 0.819531 0.078125 0.310937
2 0.426563 0.803125 0.140625 0.306250
10 0.507031 0.931250 0.023438 0.034375
0 0.570312 0.795312 0.137500 0.303125
1 0.757812 0.555469 0.096875 0.273438
1 0.965625 0.543750 0.068750 0.250000
6 0.848437 0.545312 0.131250 0.253125