1 0.021875 0.229687 0.043750 0.281250
9 0.034375 0.235156 0.068750 0.285938
1 0.124219 0.203906 0.082812 0.251563
0 0.216406 0.187500 0.135937 0.265625
1 0.371094 0.171875 0.092188 0.253125
10 0.166406 0.310937 0.032813 0.046875
4 0.798438 0.076563 0.121875 0.153125
8 0.896875 0.066406 0.134375 0.132812
10 0.960156 0.082031 0.045312 0.095312
0 0.966406 0.066406 0.067187 0.132812
2 0.117969 0.842187 0.235937 0.315625
0 0.286719 0.831250 0.226562 0.337500
9 0.426563 0.813281 0.165625 0.373437
10 0.496094 0.946094 0.026562 0.107813
2 0.758594 0.662500 0.110937 0.240625
0 0.875000 0.655469 0.128125 0.232813
6 0.964844 0.655469 0.070312 0.232813