2 0.050781 0.185938 0.101562 0.371875
3 0.045312 0.172656 0.090625 0.345313
4 0.042969 0.180469 0.085938 0.360938
10 0.078906 0.270313 0.042188 0.096875
0 0.185156 0.155469 0.179688 0.310937
0 0.301563 0.148438 0.075000 0.296875
1 0.417187 0.350000 0.100000 0.350000
9 0.537500 0.348438 0.159375 0.350000
6 0.672656 0.349219 0.154688 0.339062
10 0.735156 0.496875 0.048438 0.084375
10 0.821875 0.354687 0.140625 0.365625
7 0.022656 0.884375 0.045312 0.231250
0 0.025781 0.884375 0.051562 0.231250
10 0.057031 0.975000 0.039062 0.050000
0 0.118750 0.884375 0.109375 0.231250
1 0.265625 0.884375 0.090625 0.231250
4 0.375781 0.858594 0.073438 0.179688
1 0.362500 0.854688 0.046875 0.171875
6 0.497656 0.853906 0.135937 0.170313
10 0.589063 0.876563 0.050000 0.100000
0 0.694531 0.858594 0.145313 0.179688
0 0.872656 0.863281 0.170313 0.189062