2 0.067187 0.113281 0.134375 0.226562
3 0.061719 0.116406 0.123438 0.232813
4 0.060156 0.121094 0.120313 0.242188
10 0.014063 0.156250 0.028125 0.103125
0 0.095312 0.119531 0.190625 0.239063
0 0.188281 0.132031 0.142187 0.264062
3 0.471094 0.428125 0.192188 0.281250
6 0.608594 0.448437 0.179688 0.240625
3 0.757031 0.457031 0.173437 0.223438
9 0.900781 0.472656 0.185938 0.192188
7 0.067187 0.784375 0.134375 0.431250
7 0.069531 0.784375 0.139063 0.431250
10 0.059375 0.965625 0.106250 0.068750
0 0.159375 0.784375 0.200000 0.431250
6 0.335938 0.784375 0.153125 0.431250
0 0.432812 0.800000 0.281250 0.400000
9 0.657031 0.816406 0.298438 0.367188