4 0.048438 0.402344 0.096875 0.382812
9 0.100781 0.376563 0.176563 0.387500
10 0.175000 0.510938 0.065625 0.121875
6 0.243750 0.369531 0.165625 0.360938
7 0.378125 0.336719 0.143750 0.326562
2 0.482812 0.253906 0.065625 0.314063
3 0.490625 0.250000 0.081250 0.337500
2 0.601562 0.234375 0.134375 0.321875
10 0.677344 0.350000 0.023438 0.043750
0 0.750000 0.213281 0.153125 0.314063
1 0.916406 0.196094 0.089063 0.329688
1 0.030469 0.772656 0.060937 0.267188
1 0.067969 0.785937 0.129688 0.293750
0 0.192969 0.792188 0.173437 0.306250
0 0.321094 0.800781 0.167187 0.323437
9 0.034375 0.773438 0.068750 0.268750
10 0.125781 0.882812 0.051562 0.081250
9 0.492188 0.776563 0.084375 0.275000
1 0.639844 0.764844 0.057813 0.251563
10 0.685937 0.861719 0.028125 0.064062
6 0.755469 0.764844 0.132812 0.251563
7 0.905469 0.771094 0.129688 0.264062