4 0.285156 0.220312 0.198437 0.337500
9 0.436719 0.205469 0.179688 0.367188
10 0.512500 0.339844 0.065625 0.098437
6 0.580469 0.207813 0.170313 0.362500
7 0.685937 0.177344 0.087500 0.329688
6 0.792188 0.357812 0.115625 0.062500
5 0.926562 0.354687 0.115625 0.068750
2 0.117188 0.575000 0.131250 0.303125
2 0.260156 0.568750 0.142187 0.318750
6 0.398438 0.556250 0.134375 0.315625
10 0.480469 0.674219 0.023438 0.039062
0 0.540625 0.546094 0.137500 0.314063
0 0.674219 0.547656 0.110937 0.317188
1 0.964063 0.546094 0.071875 0.314063