1 0.149219 0.100781 0.142187 0.201563
8 0.260937 0.132031 0.200000 0.264062
0 0.379688 0.133594 0.140625 0.267188
10 0.430469 0.280469 0.039062 0.114062
1 0.510938 0.120313 0.121875 0.240625
7 0.561719 0.115625 0.223438 0.231250
6 0.692969 0.115625 0.270313 0.231250
10 0.746094 0.169531 0.092188 0.132812
10 0.876563 0.116406 0.246875 0.232813
6 0.094531 0.683594 0.189062 0.289062
8 0.235156 0.700781 0.248438 0.323437
0 0.373437 0.717969 0.153125 0.357812
10 0.283594 0.819531 0.057813 0.079687
3 0.519531 0.672656 0.139063 0.267188
4 0.630469 0.705469 0.135937 0.267188
8 0.752344 0.736719 0.164062 0.279687
0 0.877344 0.763281 0.164062 0.270313
10 0.663281 0.824219 0.029687 0.045312