6 0.227344 0.125000 0.173437 0.250000
6 0.655469 0.127344 0.067187 0.254688
3 0.397656 0.120313 0.173437 0.240625
10 0.459375 0.181250 0.059375 0.112500
9 0.559375 0.114844 0.178125 0.229687
1 0.978906 0.035937 0.029687 0.071875
6 0.270313 0.632031 0.171875 0.185938
5 0.421094 0.623437 0.157812 0.168750
10 0.481250 0.588281 0.056250 0.085938
0 0.560937 0.629687 0.162500 0.181250
3 0.718750 0.772656 0.059375 0.310937
3 0.728125 0.777344 0.078125 0.307812
5 0.723437 0.785156 0.068750 0.376563
10 0.703125 0.903906 0.028125 0.117188
0 0.735938 0.762500 0.093750 0.293750
1 0.862500 0.765625 0.106250 0.353125