5 0.271875 0.085938 0.203125 0.171875
5 0.429688 0.097656 0.178125 0.195312
10 0.453125 0.180469 0.034375 0.051562
6 0.571875 0.350781 0.106250 0.257812
0 0.580469 0.385156 0.123438 0.189062
0 0.694531 0.407813 0.207813 0.143750
0 0.820312 0.430469 0.215625 0.098437
4 0.057031 0.871875 0.114062 0.243750
3 0.147656 0.895312 0.120313 0.209375
0 0.242969 0.908594 0.132812 0.182812
1 0.360938 0.932813 0.093750 0.134375
10 0.159375 0.993750 0.028125 0.012500
4 0.887500 0.664062 0.225000 0.368750
0 0.962500 0.700000 0.075000 0.378125