5 0.108594 0.148438 0.195312 0.296875
5 0.275781 0.168750 0.179688 0.337500
10 0.303906 0.319531 0.035937 0.051562
0 0.434375 0.212500 0.231250 0.381250
1 0.560937 0.199219 0.021875 0.148438
8 0.572656 0.216406 0.045312 0.173437
1 0.560937 0.521875 0.021875 0.093750
4 0.743750 0.399219 0.156250 0.282813
4 0.839063 0.425000 0.146875 0.275000
1 0.950781 0.452344 0.098437 0.232813
4 0.977344 0.458594 0.045312 0.220312
6 0.494531 0.689063 0.110937 0.187500
0 0.533594 0.710156 0.032813 0.179688
6 0.694531 0.704688 0.289062 0.271875
6 0.871094 0.689063 0.257812 0.240625
10 0.921875 0.621094 0.081250 0.104688