9 0.144531 0.370312 0.117188 0.406250
9 0.310156 0.362500 0.179688 0.396875
9 0.460156 0.337500 0.151562 0.362500
10 0.540625 0.475781 0.059375 0.107813
0 0.578125 0.318750 0.081250 0.381250
1 0.621094 0.135156 0.004687 0.151562
8 0.633594 0.141406 0.029687 0.164062
1 0.623437 0.464062 0.009375 0.118750
4 0.839063 0.226562 0.100000 0.268750
4 0.937500 0.229687 0.093750 0.262500
0 0.210156 0.657031 0.064062 0.135937
1 0.293750 0.657031 0.075000 0.135937
3 0.353906 0.664844 0.076563 0.151562
10 0.390625 0.717969 0.031250 0.060937
0 0.435937 0.671875 0.087500 0.165625
0 0.516406 0.668750 0.089063 0.159375
4 0.645312 0.718750 0.053125 0.259375
0 0.642969 0.729688 0.048438 0.281250
5 0.644531 0.730469 0.051562 0.282813
9 0.639844 0.722656 0.042188 0.264062
9 0.688281 0.728906 0.089063 0.260937
10 0.640625 0.850000 0.025000 0.025000