9 0.062500 0.533594 0.125000 0.451562
9 0.203906 0.505469 0.314063 0.507812
9 0.379688 0.442969 0.275000 0.476562
10 0.490625 0.590625 0.056250 0.143750
0 0.471094 0.377344 0.095312 0.498437
6 0.790625 0.294531 0.203125 0.367188
3 0.916406 0.250000 0.167187 0.334375
7 0.059375 0.904687 0.118750 0.190625
6 0.083594 0.888281 0.167187 0.223438
10 0.216406 0.879687 0.248438 0.240625
4 0.765625 0.908594 0.159375 0.182812
5 0.868750 0.891406 0.143750 0.217188
10 0.937500 0.983594 0.056250 0.032813
0 0.950000 0.886719 0.100000 0.226562