2 0.032031 0.244531 0.064062 0.270313
3 0.049219 0.267188 0.098437 0.296875
9 0.139063 0.257812 0.115625 0.281250
10 0.198437 0.360156 0.046875 0.076563
0 0.255469 0.254688 0.114062 0.275000
0 0.375000 0.241406 0.118750 0.301563
6 0.560156 0.060156 0.060937 0.120313
4 0.553906 0.057813 0.048438 0.115625
10 0.564063 0.029687 0.034375 0.059375
6 0.609375 0.057813 0.096875 0.115625
8 0.710156 0.058594 0.117188 0.117188
1 0.016406 0.850000 0.032813 0.300000
2 0.028906 0.846094 0.057813 0.307812
2 0.046094 0.847656 0.092188 0.304688
10 0.111719 0.983594 0.023438 0.032813
3 0.545312 0.904687 0.031250 0.181250
3 0.545312 0.893750 0.031250 0.171875
1 0.769531 0.912500 0.073438 0.175000
6 0.844531 0.904687 0.101562 0.190625
4 0.935156 0.917188 0.101562 0.165625