2 0.174219 0.083594 0.160938 0.167187
3 0.328906 0.092188 0.154688 0.184375
8 0.875000 0.162500 0.106250 0.175000
2 0.962500 0.159375 0.075000 0.181250
4 0.027344 0.517969 0.054688 0.298438
9 0.046875 0.525781 0.093750 0.317188
6 0.146875 0.541406 0.121875 0.307812
10 0.184375 0.664062 0.031250 0.050000
1 0.259375 0.532813 0.084375 0.293750
6 0.520312 0.456250 0.162500 0.412500
6 0.957031 0.446094 0.085938 0.392188
3 0.685937 0.446875 0.168750 0.393750
10 0.756250 0.582031 0.059375 0.110937
9 0.847656 0.437500 0.173437 0.375000