10 0.310156 0.279687 0.073438 0.109375
10 0.225781 0.159375 0.154688 0.318750
0 0.390625 0.148438 0.171875 0.296875
0 0.524219 0.150000 0.089063 0.300000
4 0.067969 0.168750 0.135937 0.337500
1 0.827344 0.075000 0.076563 0.150000
9 0.934375 0.072656 0.131250 0.145313
0 0.190625 0.892188 0.103125 0.215625
2 0.300000 0.899219 0.093750 0.201563
9 0.403906 0.900781 0.095312 0.198437
3 0.503125 0.900781 0.084375 0.198437
5 0.615625 0.778906 0.093750 0.442188
0 0.706250 0.800781 0.196875 0.398438
0 0.912500 0.803125 0.175000 0.393750
10 0.809375 0.983594 0.068750 0.032813