1 0.212500 0.078906 0.137500 0.157812
2 0.328125 0.084375 0.203125 0.168750
0 0.462500 0.080469 0.193750 0.160938
10 0.519531 0.142187 0.057813 0.096875
7 0.710156 0.128906 0.195312 0.257812
7 0.850781 0.125781 0.173437 0.251563
10 0.885156 0.234375 0.060937 0.084375
0 0.944531 0.146875 0.110937 0.293750
5 0.182031 0.812500 0.173437 0.343750
4 0.309375 0.833594 0.153125 0.292187
10 0.336719 0.968750 0.042188 0.059375
0 0.420312 0.857812 0.171875 0.284375
0 0.514062 0.866406 0.090625 0.267188
5 0.671094 0.646875 0.223438 0.293750
0 0.853125 0.660156 0.253125 0.320312
0 0.964844 0.679688 0.070312 0.359375
10 0.910937 0.775781 0.059375 0.092188