1 0.018750 0.078125 0.037500 0.156250
2 0.062500 0.079687 0.125000 0.159375
0 0.192188 0.075781 0.140625 0.151562
10 0.263281 0.022656 0.042188 0.045312
5 0.344531 0.078906 0.129688 0.157812
2 0.492969 0.081250 0.142187 0.162500
5 0.955469 0.078906 0.089063 0.157812
0 0.032031 0.429688 0.064062 0.240625
0 0.102344 0.429688 0.114062 0.240625
0 0.462500 0.432812 0.103125 0.246875
2 0.196094 0.430469 0.101562 0.242188
2 0.292187 0.432031 0.096875 0.245312
4 0.378125 0.439844 0.103125 0.260937
2 0.543750 0.431250 0.087500 0.243750
5 0.714844 0.647656 0.070312 0.339062
9 0.714844 0.632812 0.070312 0.318750
10 0.743750 0.782031 0.040625 0.085938
0 0.832812 0.646875 0.140625 0.315625
0 0.946875 0.685937 0.106250 0.359375