1 0.029687 0.142187 0.059375 0.240625
0 0.071875 0.132812 0.143750 0.265625
0 0.150781 0.119531 0.151562 0.239063
8 0.234375 0.114062 0.156250 0.228125
2 0.303906 0.103906 0.129688 0.207813
10 0.354687 0.153125 0.028125 0.065625
0 0.489063 0.127344 0.143750 0.254688
1 0.610938 0.099219 0.081250 0.198437
1 0.702344 0.085938 0.076563 0.171875
9 0.763281 0.087500 0.132812 0.175000
0 0.850781 0.077344 0.132812 0.154688
3 0.935937 0.063281 0.121875 0.126562
10 0.995313 0.100781 0.009375 0.023438
2 0.048438 0.732812 0.096875 0.306250
2 0.154688 0.682031 0.184375 0.204687
7 0.041406 0.707812 0.082812 0.256250
10 0.013281 0.767969 0.026562 0.082812
0 0.060156 0.698438 0.120313 0.237500
0 0.048438 0.713281 0.096875 0.267188
2 0.678125 0.860938 0.121875 0.203125
0 0.750000 0.853906 0.103125 0.195312
0 0.815625 0.827344 0.115625 0.185938
0 0.895312 0.809375 0.125000 0.200000
0 0.955469 0.791406 0.089063 0.195312
10 0.867188 0.877344 0.037500 0.051562