1 0.101562 0.254688 0.081250 0.240625
0 0.163281 0.259375 0.129688 0.278125
0 0.245312 0.275000 0.125000 0.262500
8 0.328906 0.291406 0.129688 0.273438
2 0.406250 0.304688 0.125000 0.271875
10 0.423438 0.399219 0.031250 0.064062
5 0.514062 0.357031 0.090625 0.364063
6 0.626563 0.364844 0.165625 0.348438
10 0.682813 0.528125 0.040625 0.021875
0 0.794531 0.377344 0.192188 0.323437
0 0.929688 0.381250 0.140625 0.315625
2 0.040625 0.692187 0.081250 0.306250
2 0.295312 0.788281 0.156250 0.307812
7 0.060937 0.739844 0.121875 0.317188
10 0.085156 0.851562 0.048438 0.081250
0 0.166406 0.764062 0.160938 0.321875
0 0.041406 0.700000 0.082812 0.312500
6 0.578906 0.603906 0.120313 0.129688
9 0.691406 0.596875 0.098437 0.115625
10 0.722656 0.624219 0.020313 0.032813
9 0.796875 0.596875 0.106250 0.115625
8 0.894531 0.593750 0.104688 0.109375