4 0.113281 0.282813 0.135937 0.250000
2 0.214844 0.250000 0.135937 0.253125
10 0.291406 0.341406 0.057813 0.076563
0 0.321875 0.218750 0.150000 0.262500
3 0.419531 0.177344 0.120313 0.226562
3 0.575781 0.344531 0.192188 0.351562
6 0.698438 0.308594 0.206250 0.335938
10 0.798438 0.395313 0.059375 0.078125
3 0.843750 0.266406 0.203125 0.364063
9 0.934375 0.208594 0.131250 0.329688
1 0.125000 0.819531 0.221875 0.360938
2 0.274219 0.818750 0.295312 0.359375
3 0.391406 0.802344 0.176563 0.326562
0 0.876563 0.722656 0.190625 0.167187
2 0.743750 0.729688 0.218750 0.181250
2 0.950000 0.722656 0.100000 0.167187
10 0.964063 0.662500 0.071875 0.046875
5 0.600000 0.734375 0.234375 0.190625