4 0.225781 0.303906 0.182812 0.251563
6 0.364844 0.292969 0.164062 0.273438
0 0.510156 0.289062 0.179688 0.281250
1 0.654687 0.272656 0.131250 0.314063
0 0.789062 0.084375 0.078125 0.168750
7 0.780469 0.086719 0.060937 0.173437
10 0.776563 0.092188 0.053125 0.084375
5 0.835156 0.085938 0.154688 0.171875
6 0.155469 0.663281 0.170313 0.410938
7 0.308594 0.641406 0.135937 0.367188
10 0.371875 0.763281 0.034375 0.064062
9 0.440625 0.664844 0.153125 0.404687
8 0.584375 0.639062 0.184375 0.371875
4 0.794531 0.846094 0.089063 0.307812
3 0.794531 0.832031 0.089063 0.335938
10 0.821875 0.959375 0.062500 0.081250
0 0.890625 0.826562 0.175000 0.346875
0 0.969531 0.807031 0.060937 0.357812