4 0.364844 0.306250 0.117188 0.246875
2 0.467969 0.285938 0.117188 0.250000
10 0.524219 0.383594 0.029687 0.073438
0 0.525781 0.265625 0.026562 0.259375
4 0.618750 0.214062 0.159375 0.428125
8 0.664844 0.182031 0.251563 0.364063
0 0.847656 0.153125 0.242188 0.306250
10 0.786719 0.232031 0.092188 0.142187
3 0.281250 0.571094 0.168750 0.242188
3 0.397656 0.564844 0.157812 0.229687
10 0.482031 0.611719 0.048438 0.089063
2 0.489844 0.547656 0.098437 0.195312
1 0.567969 0.910937 0.057813 0.178125
4 0.580469 0.896875 0.082812 0.206250
3 0.589844 0.881250 0.101562 0.237500
0 0.694531 0.867188 0.160938 0.265625
1 0.845313 0.851562 0.137500 0.296875