4 0.036719 0.087500 0.073438 0.175000
6 0.037500 0.090625 0.075000 0.181250
10 0.075781 0.070312 0.064062 0.096875
0 0.157031 0.087500 0.145313 0.175000
1 0.304688 0.085156 0.100000 0.170313
1 0.425000 0.317969 0.031250 0.242188
3 0.430469 0.307031 0.042188 0.264062
0 0.435937 0.315625 0.053125 0.246875
5 0.487500 0.312500 0.087500 0.253125
10 0.530469 0.433594 0.029687 0.010937
7 0.600000 0.318750 0.084375 0.240625
6 0.028125 0.502344 0.056250 0.126562
2 0.034375 0.500781 0.068750 0.123438
10 0.048438 0.480469 0.040625 0.070312
0 0.110937 0.497656 0.100000 0.117188
0 0.210938 0.510938 0.112500 0.143750
1 0.721875 0.599219 0.090625 0.270313
0 0.986719 0.606250 0.026562 0.246875
5 0.920312 0.623437 0.100000 0.287500
6 0.819531 0.608594 0.107813 0.267188
10 0.965625 0.704688 0.034375 0.059375