3 0.053906 0.246094 0.107813 0.376563
5 0.126562 0.220312 0.215625 0.390625
10 0.204687 0.362500 0.084375 0.115625
0 0.214844 0.203906 0.089063 0.389062
4 0.710938 0.227344 0.168750 0.307812
5 0.803906 0.219531 0.167187 0.332813
4 0.889062 0.197656 0.150000 0.276562
0 0.949219 0.186719 0.101562 0.295312
7 0.051562 0.864062 0.103125 0.271875
4 0.136719 0.860938 0.192188 0.278125
10 0.218750 0.967969 0.081250 0.064062
0 0.210938 0.836719 0.096875 0.326562
9 0.485156 0.832812 0.226562 0.334375
2 0.624219 0.808594 0.201563 0.357812
10 0.696094 0.914062 0.076563 0.106250
0 0.759375 0.778906 0.209375 0.354687