3 0.039062 0.322656 0.078125 0.301563
5 0.060937 0.306250 0.121875 0.312500
10 0.104688 0.422656 0.062500 0.092188
0 0.165625 0.300000 0.153125 0.312500
0 0.281250 0.285938 0.146875 0.300000
1 0.439844 0.347656 0.042188 0.217188
2 0.448437 0.328906 0.059375 0.232813
0 0.492969 0.330469 0.117188 0.220312
10 0.547656 0.403125 0.035937 0.053125
0 0.578906 0.328125 0.104688 0.215625
0 0.653125 0.309375 0.106250 0.212500
5 0.675781 0.929688 0.142187 0.140625
9 0.764844 0.927344 0.139063 0.135937
7 0.866406 0.926562 0.123438 0.134375
4 0.945312 0.921875 0.109375 0.125000
10 0.992969 0.910937 0.014063 0.056250