1 0.021875 0.070312 0.043750 0.140625
4 0.028125 0.064062 0.056250 0.128125
7 0.076563 0.070312 0.096875 0.140625
0 0.194531 0.065625 0.107813 0.131250
0 0.303125 0.065625 0.109375 0.131250
10 0.135156 0.029687 0.039062 0.059375
6 0.484375 0.106250 0.090625 0.212500
0 0.517188 0.097656 0.156250 0.195312
10 0.590625 0.046875 0.053125 0.093750
9 0.695312 0.103125 0.178125 0.206250
5 0.042969 0.542969 0.085938 0.185938
3 0.169531 0.545312 0.139063 0.190625
10 0.244531 0.488281 0.051562 0.076563
0 0.344531 0.539844 0.167187 0.179688
3 0.525000 0.514062 0.087500 0.128125
1 0.726562 0.508594 0.037500 0.117188
10 0.813281 0.500000 0.014063 0.031250
1 0.442969 0.482031 0.007812 0.064062
8 0.450000 0.484375 0.021875 0.068750
1 0.467969 0.510938 0.029687 0.121875
5 0.610938 0.511719 0.081250 0.123438
0 0.772656 0.509375 0.079687 0.118750
0 0.860156 0.503906 0.073438 0.107813