1 0.065625 0.320312 0.131250 0.362500
4 0.180469 0.285156 0.189062 0.335938
7 0.321094 0.278125 0.173437 0.362500
0 0.404687 0.253906 0.068750 0.345313
10 0.410156 0.396875 0.057813 0.090625
4 0.517188 0.369531 0.156250 0.360938
3 0.631250 0.344531 0.181250 0.364063
10 0.714063 0.460938 0.068750 0.109375
7 0.785937 0.316406 0.193750 0.376563
8 0.913281 0.290625 0.173437 0.381250
0 0.415625 0.725000 0.046875 0.290625
3 0.343750 0.746875 0.178125 0.334375
4 0.203906 0.748437 0.192188 0.337500
10 0.418750 0.832031 0.040625 0.098437
2 0.685156 0.882812 0.173437 0.234375
4 0.543750 0.889844 0.209375 0.220312
0 0.835156 0.870313 0.192188 0.259375
0 0.931250 0.850781 0.137500 0.298438