2 0.178125 0.408594 0.165625 0.285938
5 0.282813 0.428906 0.143750 0.289062
10 0.307812 0.528125 0.043750 0.078125
0 0.391406 0.442188 0.148438 0.275000
0 0.495312 0.471094 0.143750 0.270313
4 0.686719 0.196875 0.114062 0.390625
1 0.667969 0.210938 0.076563 0.340625
5 0.678125 0.253125 0.096875 0.375000
10 0.669531 0.394531 0.060937 0.089063
0 0.781250 0.291406 0.196875 0.354687
0 0.915625 0.319531 0.168750 0.370312
5 0.335938 0.843750 0.156250 0.268750
2 0.475000 0.853125 0.159375 0.287500
0 0.583594 0.860938 0.092188 0.278125
10 0.519531 0.960938 0.048438 0.071875
6 0.706250 0.893750 0.153125 0.212500
7 0.774219 0.933594 0.254688 0.132812