5 0.036719 0.360938 0.073438 0.196875
2 0.142187 0.365625 0.125000 0.187500
0 0.264844 0.358594 0.132812 0.201563
1 0.414844 0.362500 0.079687 0.193750
4 0.868750 0.078125 0.087500 0.156250
0 0.950781 0.067969 0.079687 0.135937
10 0.996094 0.108594 0.007812 0.023438
5 0.207031 0.725781 0.192188 0.367188
8 0.340625 0.710938 0.168750 0.368750
10 0.428906 0.846094 0.054688 0.089063
0 0.482812 0.719531 0.162500 0.385937
1 0.576562 0.675000 0.046875 0.315625
6 0.663281 0.607812 0.126562 0.296875
1 0.837500 0.563281 0.121875 0.207813
10 0.885938 0.654687 0.068750 0.115625
7 0.944531 0.567969 0.110937 0.217188