1 0.422656 0.144531 0.104688 0.289062
0 0.532813 0.153906 0.156250 0.307812
0 0.646094 0.061719 0.054688 0.123438
0 0.644531 0.069531 0.051562 0.139063
0 0.667188 0.073438 0.096875 0.146875
7 0.764844 0.080469 0.089063 0.160938
1 0.868750 0.087500 0.062500 0.175000
3 0.933594 0.093750 0.101562 0.187500
0 0.984375 0.098437 0.031250 0.196875
10 0.954688 0.174219 0.021875 0.039062
2 0.632031 0.210938 0.026562 0.125000
2 0.310937 0.605469 0.193750 0.332813
1 0.503125 0.616406 0.121875 0.354687
5 0.573438 0.633594 0.090625 0.379688
8 0.933594 0.881250 0.132812 0.237500