1 0.212500 0.267188 0.125000 0.359375
0 0.323437 0.300000 0.175000 0.346875
9 0.421875 0.320312 0.075000 0.325000
4 0.767969 0.178125 0.145313 0.290625
6 0.874219 0.221094 0.151562 0.295312
10 0.917188 0.339062 0.071875 0.103125
0 0.957031 0.267969 0.085938 0.335938
0 0.069531 0.807813 0.139063 0.384375
9 0.172656 0.832812 0.226562 0.334375
10 0.211719 0.982812 0.092188 0.034375
0 0.332031 0.853125 0.220312 0.293750
0 0.416406 0.871094 0.085938 0.257812
4 0.806250 0.807813 0.100000 0.187500
0 0.890625 0.819531 0.090625 0.182812
0 0.964844 0.827344 0.070312 0.195312
10 0.917969 0.894531 0.017188 0.023438