2 0.035156 0.334375 0.070312 0.190625
6 0.045312 0.326562 0.090625 0.206250
2 0.107813 0.304688 0.140625 0.250000
10 0.171094 0.351562 0.048438 0.078125
0 0.208594 0.285156 0.145313 0.264062
0 0.283594 0.238281 0.107813 0.198437
4 0.741406 0.164844 0.176563 0.326562
2 0.863281 0.138281 0.185938 0.276562
10 0.956250 0.216406 0.075000 0.107813
0 0.949219 0.125781 0.101562 0.251563
3 0.057031 0.653906 0.114062 0.354687
3 0.050781 0.607031 0.101562 0.345313
10 0.103906 0.715625 0.073438 0.100000
0 0.157812 0.590625 0.221875 0.321875
0 0.307031 0.576562 0.217188 0.293750
9 0.723437 0.771875 0.146875 0.287500
8 0.828906 0.752344 0.148438 0.285938
5 0.926562 0.731250 0.134375 0.281250
10 0.996094 0.840625 0.007812 0.025000
5 0.981250 0.706250 0.037500 0.271875