1 0.596875 0.075781 0.056250 0.151562
6 0.728125 0.092969 0.165625 0.185938
0 0.622656 0.082812 0.107813 0.165625
0 0.872656 0.109375 0.170313 0.218750
0 0.957812 0.121875 0.084375 0.243750
10 0.777344 0.163281 0.048438 0.107813
6 0.475000 0.420312 0.112500 0.121875
0 0.533594 0.426563 0.070312 0.134375
10 0.557031 0.478125 0.023438 0.053125
5 0.640625 0.685156 0.143750 0.467187
5 0.622656 0.705469 0.107813 0.442188
10 0.586719 0.896094 0.035937 0.154688
0 0.691406 0.757812 0.245312 0.443750
1 0.914062 0.771875 0.171875 0.456250