6 0.309375 0.087500 0.162500 0.175000
4 0.453906 0.090625 0.129688 0.181250
10 0.498437 0.132031 0.040625 0.092188
4 0.567187 0.184375 0.096875 0.368750
0 0.651563 0.178906 0.165625 0.357812
0 0.821094 0.177344 0.170313 0.354687
10 0.735156 0.300781 0.054688 0.117188
1 0.966406 0.182031 0.067187 0.364063
4 0.211719 0.712500 0.120313 0.287500
7 0.322656 0.680469 0.089063 0.223438
10 0.375000 0.799219 0.025000 0.114062
0 0.432031 0.695312 0.117188 0.253125
0 0.503125 0.692969 0.031250 0.248438
2 0.560937 0.806250 0.084375 0.387500
3 0.642188 0.779687 0.140625 0.387500
5 0.804688 0.764844 0.131250 0.351562
10 0.881250 0.920312 0.068750 0.121875
0 0.949219 0.758594 0.101562 0.379688