1 0.175000 0.117188 0.106250 0.234375
2 0.267969 0.121094 0.157812 0.242188
8 0.385156 0.105469 0.154688 0.210938
2 0.509375 0.101562 0.150000 0.203125
8 0.591406 0.085156 0.076563 0.170313
10 0.468750 0.185938 0.025000 0.037500
6 0.703125 0.177344 0.146875 0.354687
3 0.699219 0.151562 0.139063 0.303125
10 0.681250 0.228906 0.103125 0.160938
3 0.774219 0.130469 0.285938 0.260937
8 0.918750 0.129688 0.162500 0.259375
1 0.101562 0.718750 0.143750 0.278125
1 0.196875 0.678906 0.137500 0.254688
1 0.274219 0.654687 0.132812 0.240625
10 0.330469 0.735156 0.057813 0.089063
6 0.382031 0.638281 0.160938 0.270313
8 0.470313 0.612500 0.168750 0.256250
4 0.695312 0.644531 0.131250 0.370312
0 0.721094 0.622656 0.182812 0.326562
0 0.858594 0.602344 0.245312 0.285938
10 0.805469 0.699219 0.076563 0.123438