1 0.036719 0.362500 0.073438 0.212500
0 0.085938 0.358594 0.146875 0.220312
10 0.143750 0.425781 0.050000 0.076563
0 0.178125 0.335938 0.143750 0.225000
1 0.275781 0.289844 0.132812 0.220312
6 0.418750 0.057031 0.059375 0.114062
7 0.448437 0.051562 0.100000 0.103125
0 0.528906 0.055469 0.120313 0.110937
0 0.609375 0.050781 0.100000 0.101562
10 0.502344 0.007812 0.026562 0.015625
6 0.068750 0.611719 0.137500 0.285938
1 0.200781 0.590625 0.220312 0.243750
10 0.292969 0.603125 0.092188 0.146875
0 0.300781 0.601562 0.176563 0.265625
0 0.421875 0.868750 0.065625 0.250000
0 0.422656 0.846875 0.067187 0.243750
0 0.484375 0.821094 0.131250 0.239063
7 0.585938 0.796875 0.112500 0.231250
1 0.688281 0.775000 0.085938 0.215625
3 0.751563 0.756250 0.125000 0.234375
0 0.839063 0.735156 0.128125 0.223438
10 0.809375 0.841406 0.025000 0.039062
2 0.453125 0.982031 0.065625 0.035937