1 0.064844 0.200781 0.129688 0.117188
0 0.145313 0.192188 0.184375 0.134375
0 0.256250 0.173437 0.181250 0.171875
1 0.354687 0.143750 0.128125 0.231250
3 0.692187 0.066406 0.150000 0.132812
2 0.792969 0.070312 0.167187 0.140625
10 0.875000 0.025781 0.075000 0.051562
0 0.907031 0.077344 0.185938 0.154688
6 0.309375 0.800000 0.175000 0.309375
10 0.403906 0.905469 0.029687 0.045312
0 0.928125 0.535937 0.143750 0.378125
6 0.820312 0.567969 0.225000 0.379688
5 0.683594 0.608594 0.214062 0.342187
10 0.927344 0.677344 0.085938 0.129688