6 0.159375 0.331250 0.118750 0.215625
2 0.313281 0.337500 0.110937 0.203125
5 0.419531 0.142187 0.101562 0.284375
7 0.692187 0.125000 0.150000 0.250000
10 0.573438 0.235937 0.062500 0.109375
8 0.483594 0.155469 0.201563 0.310937
8 0.856250 0.131250 0.200000 0.262500
0 0.025781 0.522656 0.051562 0.167187
0 0.025781 0.521094 0.051562 0.164062
0 0.068750 0.525000 0.100000 0.171875
0 0.321875 0.517188 0.081250 0.156250
10 0.357031 0.582812 0.023438 0.053125
4 0.239844 0.513281 0.095312 0.148438
3 0.161719 0.523438 0.089063 0.168750
1 0.405469 0.601562 0.073438 0.325000
0 0.875000 0.592969 0.159375 0.307812
0 0.699219 0.595313 0.139063 0.312500
4 0.524219 0.595313 0.151562 0.312500
10 0.777344 0.704688 0.067187 0.109375