6 0.045312 0.135156 0.090625 0.270313
2 0.198437 0.133594 0.121875 0.267188
10 0.272656 0.251563 0.051562 0.087500
0 0.361719 0.157031 0.142187 0.314063
0 0.509375 0.145313 0.134375 0.290625
1 0.610156 0.189062 0.042188 0.378125
0 0.937500 0.174219 0.125000 0.348438
0 0.775000 0.179688 0.131250 0.359375
4 0.630469 0.181250 0.082812 0.362500
10 0.855469 0.310937 0.064062 0.109375
0 0.096094 0.732031 0.107813 0.429688
1 0.264062 0.721875 0.096875 0.384375
1 0.457813 0.701562 0.071875 0.384375
10 0.506250 0.887500 0.071875 0.156250
0 0.560156 0.721094 0.057813 0.429688
10 0.947656 0.615625 0.060937 0.081250
2 0.882031 0.545312 0.132812 0.190625
5 0.756250 0.565625 0.118750 0.231250