2 0.077344 0.343750 0.092188 0.243750
1 0.221875 0.360156 0.043750 0.232813
3 0.307812 0.367188 0.093750 0.250000
10 0.344531 0.470313 0.020313 0.040625
0 0.378906 0.373437 0.020313 0.246875
1 0.543750 0.339844 0.084375 0.301563
8 0.659375 0.353906 0.134375 0.335938
0 0.807813 0.338281 0.140625 0.304688
0 0.951562 0.353906 0.096875 0.320312
10 0.870313 0.502344 0.050000 0.107813
1 0.017188 0.789844 0.034375 0.120313
1 0.133594 0.784375 0.110937 0.109375
9 0.028906 0.792188 0.057813 0.125000
8 0.026562 0.791406 0.053125 0.123438
10 0.013281 0.747656 0.026562 0.035937
0 0.035937 0.790625 0.071875 0.121875
3 0.460938 0.919531 0.093750 0.160938
7 0.603906 0.925000 0.092188 0.150000
0 0.725000 0.929688 0.128125 0.140625
0 0.863281 0.932813 0.129688 0.134375