0 0.610156 0.278125 0.039062 0.362500
5 0.511719 0.275781 0.117188 0.345313
4 0.368750 0.264844 0.131250 0.354687
10 0.585938 0.414844 0.046875 0.082812
5 0.831250 0.060937 0.068750 0.121875
9 0.914062 0.061719 0.059375 0.123438
0 0.978906 0.062500 0.042188 0.125000
1 0.632812 0.026562 0.006250 0.053125
8 0.640625 0.032813 0.021875 0.065625
7 0.085938 0.711719 0.096875 0.226562
7 0.186719 0.718750 0.073438 0.218750
10 0.212500 0.790625 0.031250 0.078125
0 0.270313 0.725781 0.075000 0.220312
2 0.351562 0.721094 0.081250 0.204687
4 0.760938 0.813281 0.109375 0.292187
5 0.914844 0.818750 0.101562 0.312500
10 0.972656 0.954688 0.042188 0.084375