0 0.400781 0.200000 0.135937 0.375000
5 0.265625 0.186719 0.140625 0.351562
4 0.122656 0.173437 0.154688 0.346875
10 0.328906 0.331250 0.051562 0.087500
3 0.685156 0.066406 0.126562 0.132812
1 0.980469 0.069531 0.039062 0.139063
10 0.824219 0.089063 0.042188 0.081250
0 0.785937 0.071094 0.112500 0.142187
0 0.889844 0.072656 0.126562 0.145313
5 0.426563 0.875000 0.084375 0.246875
1 0.577344 0.590625 0.089063 0.303125
2 0.721875 0.591406 0.156250 0.304688
0 0.915625 0.593750 0.150000 0.309375
10 0.972656 0.728125 0.054688 0.134375