3 0.167969 0.160938 0.129688 0.309375
9 0.299219 0.150781 0.142187 0.301563
10 0.373437 0.245312 0.031250 0.053125
9 0.434375 0.136719 0.131250 0.273438
1 0.612500 0.274219 0.090625 0.210938
5 0.764062 0.251563 0.178125 0.256250
9 0.936719 0.236719 0.126562 0.285938
2 0.032031 0.573438 0.064062 0.265625
0 0.107813 0.570312 0.128125 0.287500
0 0.335938 0.536719 0.146875 0.267188
0 0.436719 0.531250 0.126562 0.296875
7 0.220312 0.542969 0.140625 0.282813
10 0.273438 0.635938 0.046875 0.090625
1 0.529687 0.678906 0.059375 0.276562
1 0.794531 0.632812 0.110937 0.262500
0 0.655469 0.646875 0.142187 0.256250
5 0.554688 0.677344 0.109375 0.295312
6 0.533594 0.675781 0.067187 0.276562
10 0.603125 0.751563 0.040625 0.062500