3 0.269531 0.075000 0.104688 0.150000
9 0.403906 0.079687 0.117188 0.159375
10 0.466406 0.041406 0.026562 0.051562
9 0.540625 0.075000 0.106250 0.150000
5 0.672656 0.071875 0.107813 0.143750
6 0.879687 0.200781 0.184375 0.117188
2 0.080469 0.489063 0.132812 0.303125
2 0.211719 0.483594 0.120313 0.292187
2 0.330469 0.457813 0.114062 0.287500
10 0.392188 0.554688 0.031250 0.084375
0 0.451562 0.442188 0.128125 0.284375
0 0.578906 0.416406 0.123438 0.257812
1 0.939063 0.650000 0.081250 0.225000
9 0.983594 0.644531 0.032813 0.235937