9 0.061719 0.367969 0.123438 0.323437
4 0.057031 0.350000 0.114062 0.359375
0 0.201563 0.320312 0.256250 0.418750
0 0.376563 0.298438 0.165625 0.462500
6 0.503125 0.264844 0.087500 0.223438
0 0.592969 0.256250 0.117188 0.228125
10 0.657813 0.336719 0.028125 0.054688
0 0.696094 0.246875 0.132812 0.240625
0 0.787500 0.228906 0.118750 0.229687
7 0.041406 0.613281 0.082812 0.167187
9 0.141406 0.605469 0.154688 0.151562
0 0.278125 0.609375 0.162500 0.159375
0 0.394531 0.607812 0.129688 0.156250
10 0.221875 0.602344 0.037500 0.048438
3 0.510938 0.853125 0.103125 0.228125
0 0.593750 0.841406 0.118750 0.220312
0 0.769531 0.796094 0.117188 0.220312
0 0.857812 0.774219 0.121875 0.217188
1 0.694531 0.820312 0.104688 0.250000
10 0.734375 0.889844 0.034375 0.064062