9 0.056250 0.177344 0.112500 0.354687
4 0.135937 0.147656 0.209375 0.295312
10 0.264844 0.273438 0.039062 0.050000
0 0.309375 0.157812 0.140625 0.315625
1 0.403906 0.265625 0.048438 0.268750
3 0.423438 0.250000 0.087500 0.300000
0 0.509375 0.253125 0.143750 0.293750
5 0.607812 0.244531 0.128125 0.304688
10 0.669531 0.358594 0.035937 0.054688
7 0.719531 0.233594 0.120313 0.282813
5 0.038281 0.612500 0.076563 0.218750
5 0.093750 0.601562 0.096875 0.209375
0 0.188281 0.607031 0.110937 0.207813
0 0.271094 0.592187 0.110937 0.228125
10 0.149219 0.671875 0.032813 0.071875
2 0.434375 0.855469 0.109375 0.289062
1 0.529687 0.844531 0.100000 0.310937
5 0.681250 0.824219 0.187500 0.351562
9 0.886719 0.812500 0.201563 0.375000