5 0.106250 0.232031 0.212500 0.435937
0 0.269531 0.258594 0.242188 0.382812
10 0.320312 0.429688 0.084375 0.040625
6 0.410156 0.278906 0.139063 0.342187
4 0.901563 0.171094 0.196875 0.342187
5 0.757031 0.141406 0.232813 0.282813
0 0.972656 0.192969 0.054688 0.385937
10 0.952344 0.290625 0.076563 0.109375
7 0.228125 0.533594 0.109375 0.167187
0 0.350781 0.553906 0.117188 0.185938
8 0.414844 0.576562 0.110937 0.175000
6 0.280469 0.539062 0.107813 0.178125
10 0.294531 0.611719 0.035937 0.048438
10 0.532813 0.835156 0.106250 0.329688
8 0.582031 0.859375 0.201563 0.281250
8 0.722656 0.879687 0.201563 0.240625
0 0.862500 0.904687 0.190625 0.190625