4 0.095312 0.165625 0.190625 0.331250
6 0.222656 0.160938 0.198437 0.321875
10 0.313281 0.245312 0.064062 0.093750
0 0.381250 0.144531 0.221875 0.289062
0 0.480469 0.128906 0.117188 0.257812
4 0.857031 0.159375 0.173437 0.318750
6 0.956250 0.150000 0.087500 0.300000
6 0.071094 0.765625 0.142187 0.468750
6 0.071094 0.768750 0.142187 0.462500
10 0.050781 0.927344 0.076563 0.117188
0 0.139844 0.747656 0.257812 0.435937
0 0.305469 0.740625 0.276562 0.421875
5 0.641406 0.917188 0.204687 0.165625
0 0.825000 0.905469 0.203125 0.189062
0 0.957031 0.895312 0.085938 0.209375