4 0.081250 0.317188 0.162500 0.362500
6 0.188281 0.292969 0.214062 0.389062
10 0.282031 0.406250 0.067187 0.096875
0 0.328906 0.265625 0.201563 0.371875
0 0.403906 0.232031 0.051562 0.373437
9 0.499219 0.124219 0.095312 0.182812
3 0.585938 0.110156 0.112500 0.220312
0 0.672656 0.097656 0.107813 0.195312
2 0.762500 0.095312 0.106250 0.190625
10 0.650781 0.185156 0.026562 0.039062
5 0.323437 0.674219 0.212500 0.348438
3 0.465625 0.628906 0.071875 0.257812
2 0.525781 0.618750 0.164062 0.237500
10 0.607031 0.699219 0.073438 0.104688
0 0.651563 0.616406 0.200000 0.232813
1 0.809375 0.613281 0.175000 0.226562