3 0.309375 0.094531 0.084375 0.189062
7 0.441406 0.100781 0.054688 0.201563
1 0.475000 0.235937 0.012500 0.265625
9 0.539844 0.235937 0.089063 0.275000
4 0.660156 0.233594 0.082812 0.251563
5 0.780469 0.243750 0.076563 0.262500
1 0.924219 0.250000 0.032813 0.250000
10 0.714844 0.348438 0.020313 0.037500
1 0.021094 0.935937 0.042188 0.128125
1 0.021094 0.935156 0.042188 0.129688
1 0.054688 0.937500 0.084375 0.125000
6 0.164062 0.938281 0.106250 0.123438
8 0.254688 0.942187 0.118750 0.115625
2 0.772656 0.787500 0.148438 0.315625
1 0.927344 0.783594 0.095312 0.307812
10 0.975781 0.907031 0.048438 0.098437