3 0.158594 0.332031 0.135937 0.273438
7 0.298438 0.346875 0.131250 0.243750
0 0.414062 0.357812 0.168750 0.221875
0 0.541406 0.371094 0.154688 0.195312
1 0.660156 0.090625 0.082812 0.181250
5 0.670312 0.106250 0.103125 0.212500
3 0.681250 0.100781 0.125000 0.201563
10 0.692969 0.167187 0.060937 0.081250
0 0.796094 0.117969 0.195312 0.235937
5 0.917188 0.135156 0.165625 0.270313
1 0.135156 0.573438 0.173437 0.209375
9 0.270313 0.586719 0.237500 0.235937
7 0.474219 0.592969 0.164062 0.248438
10 0.473438 0.696094 0.071875 0.107813
3 0.560937 0.631250 0.115625 0.325000
3 0.664062 0.781250 0.090625 0.384375
4 0.701562 0.812500 0.165625 0.375000
5 0.833594 0.835156 0.176563 0.329688
10 0.880469 0.975000 0.064062 0.050000
0 0.945312 0.843750 0.109375 0.312500