7 0.149219 0.258594 0.232813 0.501563
7 0.057031 0.275781 0.114062 0.467187
10 0.269531 0.436719 0.092188 0.132812
0 0.354687 0.240625 0.234375 0.481250
0 0.530469 0.236719 0.179688 0.473438
0 0.903125 0.072656 0.156250 0.145313
6 0.777344 0.073438 0.145313 0.146875
5 0.714063 0.065625 0.068750 0.131250
10 0.849219 0.024219 0.057813 0.048438
1 0.021094 0.621875 0.042188 0.225000
0 0.058594 0.615625 0.117188 0.212500
0 0.161719 0.607812 0.117188 0.196875
10 0.220312 0.664844 0.037500 0.051562
0 0.270313 0.589063 0.118750 0.159375
0 0.365625 0.585156 0.109375 0.151562
0 0.703906 0.904687 0.048438 0.190625
0 0.706250 0.900781 0.053125 0.198437
0 0.703125 0.892969 0.046875 0.214062
3 0.701562 0.885156 0.043750 0.229687
9 0.701562 0.883594 0.043750 0.220312
7 0.742969 0.866406 0.079687 0.210938
2 0.815625 0.860938 0.087500 0.218750
2 0.893750 0.846875 0.087500 0.215625
10 0.869531 0.949219 0.014063 0.026562