8 0.030469 0.271094 0.060937 0.235937
3 0.048438 0.281250 0.096875 0.215625
0 0.180469 0.282031 0.123438 0.214062
3 0.599219 0.057813 0.070312 0.115625
7 0.714844 0.057813 0.067187 0.115625
0 0.811719 0.060156 0.095312 0.120313
0 0.923438 0.060937 0.096875 0.121875
10 0.752344 0.052344 0.010937 0.029687
5 0.025781 0.714063 0.051562 0.212500
2 0.019531 0.696875 0.039062 0.178125
0 0.085156 0.689063 0.082812 0.190625
0 0.161719 0.680469 0.089063 0.192188
10 0.043750 0.762500 0.031250 0.056250
3 0.461719 0.428125 0.023438 0.078125
6 0.460938 0.427344 0.021875 0.076563
8 0.461719 0.424219 0.023438 0.070312
4 0.460938 0.418750 0.021875 0.059375
2 0.648438 0.464062 0.103125 0.150000
0 0.742969 0.464062 0.101562 0.150000
5 0.834375 0.464844 0.096875 0.151562
0 0.929688 0.456250 0.100000 0.134375
10 0.964063 0.532031 0.012500 0.023438