1 0.423438 0.219531 0.090625 0.439063
0 0.232031 0.217969 0.220312 0.435937
6 0.066406 0.215625 0.132812 0.431250
6 0.057813 0.213281 0.115625 0.426563
10 0.101562 0.369531 0.075000 0.117188
1 0.514844 0.223438 0.092188 0.359375
7 0.557031 0.244531 0.154688 0.385937
10 0.600000 0.377344 0.043750 0.085938
0 0.700000 0.254688 0.168750 0.343750
0 0.844531 0.265625 0.173437 0.368750
10 0.446094 0.753125 0.045312 0.087500
2 0.398438 0.660156 0.140625 0.242188
5 0.284375 0.676562 0.156250 0.275000
2 0.566406 0.792969 0.139063 0.310937
2 0.716406 0.803125 0.135937 0.321875
0 0.845313 0.828906 0.143750 0.304688
10 0.893750 0.960156 0.050000 0.079687
1 0.984375 0.842187 0.031250 0.296875