0 0.457813 0.364063 0.203125 0.331250
6 0.251563 0.371094 0.203125 0.317188
6 0.086719 0.375781 0.173437 0.307812
5 0.592969 0.186719 0.067187 0.348438
8 0.614062 0.159375 0.109375 0.306250
10 0.678906 0.285156 0.045312 0.095312
0 0.763281 0.160938 0.164062 0.321875
1 0.936719 0.136719 0.120313 0.273438
5 0.060156 0.664844 0.120313 0.270313
7 0.230469 0.655469 0.110937 0.251563
10 0.292969 0.775781 0.060937 0.117188
0 0.375000 0.658594 0.153125 0.257812
0 0.510156 0.653125 0.098437 0.246875
3 0.592187 0.821875 0.065625 0.271875
1 0.760156 0.789062 0.101562 0.284375
10 0.592187 0.914844 0.043750 0.079687
0 0.589063 0.814844 0.059375 0.289062
0 0.644531 0.816406 0.132812 0.295312