0 0.026562 0.250781 0.053125 0.223438
0 0.092188 0.254688 0.103125 0.190625
1 0.017969 0.225000 0.035937 0.209375
9 0.024219 0.232031 0.048438 0.239063
5 0.022656 0.244531 0.045312 0.198437
0 0.764844 0.278906 0.076563 0.179688
0 0.842969 0.289062 0.085938 0.187500
5 0.682031 0.271875 0.070312 0.187500
3 0.607812 0.261719 0.081250 0.226562
10 0.714844 0.354687 0.032813 0.056250
6 0.026562 0.632812 0.053125 0.106250
1 0.229687 0.634375 0.071875 0.109375
0 0.118750 0.634375 0.109375 0.109375
0 0.034375 0.632812 0.068750 0.106250
10 0.058594 0.600781 0.035937 0.042188
0 0.493750 0.903125 0.050000 0.193750
1 0.503125 0.914844 0.037500 0.170313
4 0.573438 0.914844 0.093750 0.170313
4 0.668750 0.919531 0.096875 0.160938
1 0.794531 0.921875 0.032813 0.156250
8 0.861719 0.917188 0.092188 0.165625