4 0.039844 0.076563 0.079687 0.153125
5 0.043750 0.096094 0.087500 0.192188
10 0.049219 0.174219 0.057813 0.092188
0 0.153906 0.116406 0.182812 0.232813
0 0.292187 0.121094 0.153125 0.242188
1 0.571875 0.388281 0.118750 0.223438
9 0.682031 0.394531 0.176563 0.210938
5 0.798438 0.403125 0.165625 0.193750
0 0.922656 0.413281 0.154688 0.173437
1 0.441406 0.628125 0.070312 0.256250
3 0.543750 0.650000 0.128125 0.296875
9 0.667188 0.677344 0.143750 0.292187
10 0.707812 0.802344 0.028125 0.048438
5 0.792188 0.712500 0.128125 0.281250
7 0.935937 0.741406 0.115625 0.282813