5 0.415625 0.078125 0.106250 0.156250
3 0.321875 0.085938 0.146875 0.171875
2 0.165625 0.080469 0.162500 0.160938
6 0.519531 0.220312 0.101562 0.359375
3 0.615625 0.228906 0.178125 0.342187
10 0.657031 0.357812 0.073438 0.084375
0 0.753906 0.239063 0.189062 0.321875
0 0.891406 0.251563 0.173437 0.296875
5 0.320312 0.621094 0.146875 0.323437
7 0.435937 0.635156 0.065625 0.301563
7 0.515625 0.531250 0.093750 0.262500
1 0.635938 0.543750 0.162500 0.287500
10 0.667969 0.651563 0.060937 0.125000
0 0.784375 0.559375 0.206250 0.318750
0 0.918750 0.578125 0.162500 0.356250