0 0.539062 0.114062 0.081250 0.228125
5 0.438281 0.115625 0.157812 0.231250
3 0.314063 0.129688 0.140625 0.259375
2 0.158594 0.133594 0.154688 0.267188
10 0.519531 0.206250 0.060937 0.100000
1 0.650781 0.425781 0.142187 0.385937
7 0.778125 0.414844 0.184375 0.407813
9 0.916406 0.412500 0.167187 0.412500
1 0.116406 0.727344 0.101562 0.217188
4 0.193750 0.718750 0.109375 0.200000
6 0.282031 0.736719 0.117188 0.235937
10 0.335938 0.785937 0.043750 0.075000
10 0.388281 0.712500 0.135937 0.187500
1 0.628906 0.708594 0.098437 0.179688
7 0.772656 0.713281 0.145313 0.189062
10 0.846875 0.732812 0.034375 0.071875
8 0.921094 0.715625 0.157812 0.193750