6 0.088281 0.153125 0.132812 0.306250
4 0.213281 0.164062 0.101562 0.293750
0 0.332813 0.149219 0.103125 0.298438
10 0.267188 0.263281 0.043750 0.098437
0 0.458594 0.439844 0.039062 0.264062
8 0.470313 0.446094 0.062500 0.251563
7 0.561719 0.439844 0.070312 0.245312
2 0.653906 0.447656 0.085938 0.257812
4 0.753125 0.447656 0.078125 0.239063
3 0.850000 0.453906 0.084375 0.270313
10 0.793750 0.571875 0.012500 0.028125
1 0.026562 0.719531 0.028125 0.220312
3 0.128906 0.729688 0.082812 0.240625
9 0.253906 0.732812 0.098437 0.246875
10 0.309375 0.835156 0.018750 0.045312
5 0.382031 0.738281 0.085938 0.257812
1 0.768750 0.756250 0.018750 0.090625
6 0.805469 0.757812 0.035937 0.100000
1 0.863281 0.770312 0.020313 0.103125
10 0.872656 0.806250 0.010937 0.018750
0 0.897656 0.773438 0.035937 0.115625
1 0.953906 0.771094 0.020313 0.107813