6 0.058594 0.182031 0.117188 0.251563
4 0.149219 0.200000 0.107813 0.240625
0 0.247656 0.197656 0.110937 0.245312
1 0.364844 0.205469 0.095312 0.251563
10 0.186719 0.283594 0.045312 0.079687
8 0.960156 0.049219 0.079687 0.098437
1 0.183594 0.581250 0.085938 0.103125
7 0.250000 0.583594 0.096875 0.107813
5 0.335156 0.586719 0.092188 0.114062
10 0.363281 0.603125 0.035937 0.050000
0 0.419531 0.599219 0.114062 0.139063
0 0.507031 0.596094 0.114062 0.132812
0 0.664844 0.607812 0.051562 0.156250
0 0.663281 0.611719 0.048438 0.164062
2 0.685937 0.624219 0.093750 0.189062
9 0.778125 0.631250 0.096875 0.203125
2 0.864844 0.639062 0.092188 0.218750
4 0.948438 0.644531 0.087500 0.210938
10 0.975781 0.745313 0.014063 0.028125