5 0.171094 0.089063 0.151562 0.178125
8 0.338281 0.089063 0.145313 0.178125
9 0.491406 0.083594 0.117188 0.167187
10 0.531250 0.166406 0.037500 0.085938
1 0.949219 0.230469 0.054688 0.264062
6 0.973437 0.233594 0.053125 0.295312
1 0.042188 0.691406 0.084375 0.182812
2 0.039844 0.680469 0.079687 0.160938
4 0.127344 0.698438 0.129688 0.196875
0 0.251563 0.709375 0.131250 0.218750
0 0.365625 0.714844 0.137500 0.229687
10 0.165625 0.776563 0.046875 0.078125
5 0.701562 0.942969 0.096875 0.114062
5 0.814844 0.953906 0.092188 0.092188
0 0.917969 0.964063 0.101562 0.071875