2 0.131250 0.252344 0.078125 0.210938
6 0.232813 0.253906 0.081250 0.229687
10 0.283594 0.350000 0.029687 0.059375
0 0.327344 0.246094 0.076563 0.207813
7 0.678125 0.139063 0.075000 0.240625
0 0.782031 0.160156 0.092188 0.285938
10 0.837500 0.247656 0.018750 0.042188
0 0.902344 0.143750 0.104688 0.262500
2 0.033594 0.759375 0.067187 0.259375
3 0.053125 0.759375 0.106250 0.259375
3 0.364063 0.737500 0.050000 0.215625
0 0.264844 0.746094 0.110937 0.232813
0 0.153906 0.739062 0.107813 0.218750
10 0.209375 0.832812 0.028125 0.059375
4 0.428906 0.925000 0.079687 0.150000
3 0.563281 0.927344 0.110937 0.145313
0 0.709375 0.917969 0.137500 0.164062
2 0.842187 0.908594 0.125000 0.182812