2 0.267969 0.121875 0.085938 0.209375
6 0.367969 0.132031 0.089063 0.229687
10 0.415625 0.231250 0.031250 0.059375
0 0.464062 0.132031 0.084375 0.207813
1 0.575000 0.135937 0.050000 0.187500
2 0.661719 0.166406 0.123438 0.332813
3 0.780469 0.182031 0.145313 0.323437
0 0.973437 0.181250 0.053125 0.303125
0 0.898438 0.170313 0.118750 0.281250
10 0.947656 0.299219 0.029687 0.057813
0 0.093750 0.623437 0.118750 0.146875
0 0.200000 0.627344 0.121875 0.154688
8 0.301563 0.627344 0.128125 0.154688
7 0.408594 0.625000 0.117188 0.150000
0 0.500781 0.621875 0.129688 0.143750
7 0.859375 0.837500 0.162500 0.325000
1 0.978906 0.842969 0.042188 0.314063