10 0.326562 0.337500 0.068750 0.118750
6 0.144531 0.189062 0.242188 0.378125
3 0.300000 0.194531 0.178125 0.389062
0 0.361719 0.226562 0.054688 0.421875
0 0.425781 0.225781 0.073438 0.307812
0 0.427344 0.250000 0.076563 0.321875
8 0.490625 0.275781 0.156250 0.320312
7 0.596094 0.299219 0.145313 0.314063
0 0.683594 0.335156 0.154688 0.301563
1 0.795312 0.350781 0.112500 0.310937
10 0.801562 0.482031 0.034375 0.067187
3 0.850000 0.436719 0.078125 0.160938
7 0.291406 0.825000 0.195312 0.350000
6 0.595313 0.760938 0.268750 0.221875
7 0.766406 0.753906 0.204687 0.207813
10 0.775781 0.676562 0.067187 0.053125
0 0.888281 0.750781 0.207813 0.201563