4 0.276562 0.083594 0.109375 0.167187
1 0.449219 0.089063 0.057813 0.178125
10 0.475781 0.159375 0.023438 0.040625
0 0.522656 0.094531 0.054688 0.189062
1 0.565625 0.106250 0.031250 0.212500
5 0.654687 0.110937 0.131250 0.221875
4 0.830469 0.103125 0.132812 0.206250
4 0.967969 0.106250 0.064062 0.212500
10 0.903125 0.178125 0.031250 0.050000
3 0.392969 0.723437 0.089063 0.268750
7 0.517188 0.718750 0.065625 0.271875
6 0.617188 0.767969 0.087500 0.179688
5 0.707031 0.757812 0.076563 0.193750
0 0.802344 0.751563 0.092188 0.187500
1 0.890625 0.748437 0.078125 0.203125
10 0.743750 0.842969 0.040625 0.060937