0 0.417969 0.132031 0.207813 0.264062
5 0.539844 0.115625 0.098437 0.231250
0 0.723437 0.435937 0.103125 0.250000
0 0.818750 0.440625 0.100000 0.250000
5 0.910156 0.446094 0.089063 0.245312
2 0.976562 0.450781 0.046875 0.235937
3 0.185938 0.745313 0.128125 0.278125
7 0.298438 0.749219 0.106250 0.279687
10 0.339844 0.851562 0.039062 0.056250
9 0.411719 0.760938 0.126562 0.278125
0 0.528906 0.762500 0.120313 0.271875
1 0.610156 0.865625 0.042188 0.268750
8 0.645312 0.866406 0.112500 0.267188
0 0.779687 0.870313 0.143750 0.259375
0 0.934375 0.878125 0.121875 0.243750