0 0.089063 0.374219 0.178125 0.448437
5 0.195312 0.385156 0.225000 0.407813
10 0.227344 0.545312 0.067187 0.100000
0 0.362500 0.408594 0.246875 0.389062
1 0.475781 0.451562 0.067187 0.400000
4 0.601562 0.234375 0.184375 0.468750
7 0.610156 0.275000 0.201563 0.550000
10 0.576562 0.480469 0.109375 0.189062
0 0.767188 0.297656 0.321875 0.582812
6 0.196094 0.885156 0.170313 0.229687
1 0.362500 0.912500 0.125000 0.175000
9 0.451562 0.922656 0.115625 0.154688
2 0.614062 0.808594 0.209375 0.298438
1 0.792188 0.825781 0.156250 0.332813
5 0.899219 0.829688 0.201563 0.340625
10 0.941406 0.972656 0.073438 0.054688