2 0.036719 0.071094 0.073438 0.142187
8 0.058594 0.068750 0.117188 0.137500
2 0.159375 0.064062 0.134375 0.128125
10 0.186719 0.069531 0.032813 0.042188
0 0.267188 0.062500 0.140625 0.125000
0 0.370312 0.067969 0.131250 0.135937
2 0.672656 0.057031 0.067187 0.114062
1 0.663281 0.050000 0.048438 0.100000
1 0.683594 0.053906 0.089063 0.107813
10 0.689063 0.015625 0.031250 0.031250
0 0.750781 0.050000 0.114062 0.100000
2 0.828125 0.052344 0.118750 0.104688
7 0.284375 0.519531 0.200000 0.323437
2 0.388281 0.545312 0.176563 0.309375
10 0.417969 0.660156 0.070312 0.104688
9 0.507812 0.580469 0.181250 0.339062
3 0.589063 0.607812 0.100000 0.328125
7 0.771094 0.578906 0.148438 0.289062
0 0.855469 0.617969 0.148438 0.285938
1 0.946875 0.627344 0.106250 0.254688
4 0.975000 0.643750 0.050000 0.271875