1 0.096094 0.404687 0.070312 0.243750
9 0.175000 0.412500 0.115625 0.256250
8 0.264844 0.410938 0.107813 0.253125
10 0.319531 0.503125 0.054688 0.075000
0 0.392188 0.422656 0.121875 0.248438
2 0.496094 0.476562 0.073438 0.312500
1 0.505469 0.473438 0.092188 0.331250
8 0.579688 0.458594 0.128125 0.323437
10 0.647656 0.560937 0.048438 0.084375
0 0.708594 0.453906 0.157812 0.326562
0 0.832812 0.428906 0.137500 0.298438
1 0.060937 0.861719 0.018750 0.045312
3 0.092969 0.864062 0.032813 0.050000
5 0.136719 0.862500 0.029687 0.046875
0 0.180469 0.863281 0.035937 0.048438
0 0.221875 0.866406 0.043750 0.054688
10 0.155469 0.845313 0.010937 0.012500
8 0.616406 0.919531 0.160938 0.160938
3 0.783594 0.919531 0.135937 0.160938
10 0.858594 0.942187 0.029687 0.046875
0 0.935937 0.919531 0.128125 0.160938