1 0.264062 0.378906 0.109375 0.248438
9 0.294531 0.407031 0.070312 0.267188
5 0.417969 0.263281 0.176563 0.510938
4 0.574219 0.284375 0.239063 0.453125
10 0.626563 0.486719 0.090625 0.132812
0 0.790625 0.335938 0.303125 0.500000
0 0.923438 0.385937 0.153125 0.506250
2 0.050000 0.895312 0.100000 0.190625
2 0.100781 0.900000 0.192188 0.200000
4 0.253125 0.900000 0.153125 0.200000
10 0.294531 0.990625 0.035937 0.018750
1 0.565625 0.900000 0.137500 0.200000
9 0.647656 0.900000 0.170313 0.200000
9 0.766406 0.900000 0.151562 0.200000
8 0.879687 0.907813 0.203125 0.184375