8 0.198437 0.253906 0.212500 0.364063
9 0.334375 0.285156 0.168750 0.354687
10 0.385156 0.422656 0.057813 0.082812
3 0.505469 0.417187 0.060937 0.156250
0 0.566406 0.435937 0.070312 0.159375
0 0.640625 0.450781 0.068750 0.157812
0 0.706250 0.457031 0.068750 0.145313
10 0.594531 0.502344 0.017188 0.032813
2 0.067969 0.904687 0.135937 0.190625
7 0.160156 0.904687 0.235937 0.190625
5 0.313281 0.904687 0.210938 0.190625
2 0.529687 0.860156 0.093750 0.101562
2 0.623437 0.862500 0.100000 0.106250
1 0.735938 0.855469 0.050000 0.092188
0 0.806250 0.862500 0.100000 0.106250
0 0.898438 0.857812 0.090625 0.096875
10 0.750000 0.821875 0.015625 0.025000