10 0.509375 0.096875 0.040625 0.109375
6 0.241406 0.112500 0.198437 0.225000
1 0.106250 0.114844 0.137500 0.229687
9 0.416406 0.105469 0.176563 0.210938
8 0.707812 0.121094 0.103125 0.242188
6 0.840625 0.119531 0.096875 0.239063
10 0.906250 0.234375 0.021875 0.040625
8 0.961719 0.126562 0.076563 0.253125
6 0.036719 0.779687 0.073438 0.290625
2 0.196094 0.780469 0.095312 0.279687
10 0.246094 0.896875 0.035937 0.040625
7 0.300781 0.771094 0.089063 0.276562
7 0.110937 0.780469 0.090625 0.289062
1 0.966406 0.665625 0.067187 0.318750
10 0.778906 0.791406 0.054688 0.076563
4 0.588281 0.688281 0.117188 0.342187
0 0.710938 0.676562 0.115625 0.312500
0 0.844531 0.687500 0.132812 0.331250