10 0.130469 0.300781 0.064062 0.101562
7 0.236719 0.163281 0.151562 0.326562
0 0.071094 0.161719 0.142187 0.323437
9 0.045312 0.177344 0.090625 0.354687
5 0.043750 0.178906 0.087500 0.357812
4 0.644531 0.211719 0.145313 0.317188
9 0.774219 0.201563 0.120313 0.328125
10 0.850000 0.336719 0.062500 0.098437
0 0.921094 0.196875 0.139063 0.318750
2 0.023438 0.571094 0.046875 0.142187
9 0.021875 0.576562 0.043750 0.153125
10 0.022656 0.646875 0.014063 0.031250
0 0.074219 0.577344 0.095312 0.154688
4 0.193750 0.589844 0.096875 0.179688
7 0.487500 0.666406 0.156250 0.332813
6 0.680469 0.655469 0.189062 0.310937
10 0.807031 0.747656 0.089063 0.145313
0 0.908594 0.650000 0.182812 0.300000