10 0.467969 0.439063 0.064062 0.100000
7 0.575000 0.272656 0.153125 0.385937
0 0.392188 0.275781 0.178125 0.373437
9 0.235156 0.289844 0.182812 0.410938
5 0.067187 0.291406 0.134375 0.417187
0 0.680469 0.327344 0.042188 0.235937
0 0.749219 0.322656 0.079687 0.223438
2 0.847656 0.328125 0.079687 0.228125
9 0.942187 0.325781 0.078125 0.223438
0 0.562500 0.907031 0.118750 0.185938
0 0.636719 0.896875 0.045312 0.206250
4 0.335156 0.912500 0.129688 0.175000
2 0.231250 0.915625 0.131250 0.168750
2 0.443750 0.907813 0.096875 0.184375
10 0.970313 0.588281 0.056250 0.039062
4 0.903125 0.653906 0.150000 0.170313
2 0.742969 0.658594 0.160938 0.179688