7 0.196094 0.127344 0.107813 0.254688
0 0.278125 0.130469 0.121875 0.260937
3 0.360938 0.123438 0.109375 0.246875
8 0.400781 0.117969 0.035937 0.235937
1 0.011719 0.100781 0.023438 0.126562
8 0.019531 0.098437 0.039062 0.137500
2 0.499219 0.332031 0.160938 0.154688
0 0.627344 0.324219 0.167187 0.170313
6 0.758594 0.323437 0.170313 0.171875
0 0.893750 0.322656 0.175000 0.173437
0 0.025000 0.731250 0.050000 0.256250
0 0.025781 0.729688 0.051562 0.259375
0 0.107031 0.718750 0.095312 0.240625
8 0.024219 0.725000 0.048438 0.259375
3 0.022656 0.723437 0.045312 0.253125
9 0.035156 0.720313 0.070312 0.246875
10 0.079687 0.828125 0.012500 0.021875
1 0.475000 0.541406 0.112500 0.264062
1 0.919531 0.528125 0.110937 0.237500
0 0.780469 0.528906 0.142187 0.239063
5 0.671094 0.550781 0.129688 0.282813
6 0.567969 0.542188 0.135937 0.265625
10 0.728125 0.622656 0.040625 0.064062