7 0.136719 0.075000 0.085938 0.150000
0 0.217188 0.078906 0.100000 0.157812
3 0.301563 0.073438 0.087500 0.146875
8 0.378125 0.068750 0.087500 0.137500
10 0.415625 0.106250 0.025000 0.065625
2 0.466406 0.069531 0.092188 0.139063
1 0.009375 0.030469 0.018750 0.060937
8 0.017188 0.032813 0.034375 0.065625
2 0.778125 0.248438 0.068750 0.143750
7 0.832031 0.246875 0.045312 0.125000
10 0.847656 0.292969 0.010937 0.035937
0 0.876563 0.251563 0.053125 0.125000
0 0.927344 0.246875 0.045312 0.109375
6 0.104688 0.711719 0.112500 0.145313
2 0.238281 0.708594 0.110937 0.139063
10 0.298438 0.664062 0.025000 0.050000
0 0.385937 0.711719 0.128125 0.145313
0 0.517969 0.707031 0.123438 0.135937