1 0.021094 0.095312 0.042188 0.190625
0 0.207031 0.075000 0.110937 0.150000
4 0.107813 0.081250 0.115625 0.162500
5 0.034375 0.091406 0.068750 0.182812
10 0.166406 0.134375 0.032813 0.065625
6 0.467187 0.109375 0.068750 0.131250
6 0.515625 0.096875 0.065625 0.153125
6 0.575781 0.095312 0.064062 0.134375
7 0.627344 0.084375 0.057813 0.128125
10 0.553125 0.146875 0.025000 0.037500
3 0.018750 0.901563 0.037500 0.175000
6 0.021875 0.904687 0.043750 0.190625
10 0.042188 0.957812 0.037500 0.071875
0 0.072656 0.892188 0.085938 0.165625
0 0.150000 0.900000 0.090625 0.193750
3 0.400781 0.835938 0.117188 0.290625
3 0.496875 0.827344 0.131250 0.292187
4 0.588281 0.815625 0.117188 0.275000
7 0.680469 0.807813 0.101562 0.265625
10 0.735938 0.934375 0.025000 0.046875
0 0.770312 0.811719 0.115625 0.267188