9 0.048438 0.358594 0.096875 0.320312
4 0.082031 0.375000 0.164062 0.287500
10 0.109375 0.502344 0.068750 0.032813
0 0.227344 0.379688 0.229687 0.278125
0 0.360156 0.390625 0.179688 0.256250
3 0.507031 0.292969 0.114062 0.451562
8 0.504687 0.318750 0.109375 0.400000
10 0.478906 0.487500 0.057813 0.062500
0 0.597656 0.341406 0.232813 0.354687
0 0.770312 0.367188 0.228125 0.303125
10 0.015625 0.873437 0.031250 0.109375
0 0.085938 0.732812 0.171875 0.428125
0 0.238281 0.778125 0.257812 0.440625
4 0.063281 0.710156 0.126562 0.382812
5 0.057031 0.702344 0.114062 0.367188
5 0.756250 0.684375 0.159375 0.315625
2 0.893750 0.701562 0.162500 0.315625
0 0.976562 0.739062 0.046875 0.312500
10 0.933594 0.822656 0.048438 0.070312