1 0.040625 0.275000 0.081250 0.346875
7 0.111719 0.281250 0.129688 0.378125
10 0.164062 0.409375 0.037500 0.084375
0 0.256250 0.278125 0.146875 0.334375
0 0.346875 0.275000 0.043750 0.356250
4 0.402344 0.302344 0.067187 0.295312
5 0.527344 0.308594 0.117188 0.320312
10 0.577344 0.444531 0.045312 0.085938
0 0.672656 0.303125 0.139063 0.353125
0 0.825000 0.293750 0.137500 0.328125
4 0.442188 0.853906 0.146875 0.292187
0 0.604688 0.849219 0.212500 0.301563
0 0.797656 0.850781 0.192188 0.298438
0 0.941406 0.846875 0.117188 0.306250