5 0.035156 0.075781 0.070312 0.151562
5 0.092188 0.073438 0.134375 0.146875
10 0.126562 0.051562 0.025000 0.046875
0 0.230469 0.075781 0.157812 0.151562
0 0.372656 0.078906 0.167187 0.157812
4 0.573438 0.224219 0.109375 0.289062
2 0.567187 0.240625 0.096875 0.256250
0 0.563281 0.257031 0.089063 0.223438
0 0.628906 0.263281 0.207813 0.210938
0 0.828125 0.271094 0.168750 0.195312
6 0.138281 0.671875 0.107813 0.209375
6 0.226562 0.678125 0.125000 0.253125
10 0.242969 0.769531 0.032813 0.042188
0 0.311719 0.680469 0.104688 0.201563
0 0.402344 0.700781 0.129688 0.235937
5 0.904687 0.619531 0.184375 0.320312
4 0.978906 0.647656 0.042188 0.292187