5 0.297656 0.389062 0.076563 0.209375
9 0.382031 0.375781 0.079687 0.229687
10 0.428125 0.444531 0.015625 0.048438
0 0.475781 0.371094 0.073438 0.192188
1 0.552344 0.358594 0.032813 0.192188
1 0.608594 0.472656 0.079687 0.173437
1 0.720313 0.471094 0.084375 0.176563
5 0.804688 0.464844 0.096875 0.189062
0 0.915625 0.468750 0.112500 0.181250
2 0.042188 0.641406 0.084375 0.164062
4 0.043750 0.646875 0.087500 0.175000
0 0.159375 0.646875 0.125000 0.175000
10 0.219531 0.665625 0.035937 0.090625
0 0.282031 0.642188 0.123438 0.165625
0 0.409375 0.639844 0.115625 0.160938
1 0.625000 0.713281 0.112500 0.307812
7 0.778125 0.708594 0.190625 0.298438
8 0.926562 0.710938 0.146875 0.303125