5 0.385156 0.096875 0.092188 0.193750
9 0.470313 0.101562 0.096875 0.203125
10 0.510156 0.161719 0.020313 0.048438
0 0.539844 0.096094 0.039062 0.192188
2 0.693750 0.328125 0.100000 0.234375
0 0.811719 0.343750 0.114062 0.246875
6 0.932813 0.357812 0.112500 0.287500
10 0.980469 0.448437 0.023438 0.040625
7 0.378906 0.647656 0.135937 0.235937
8 0.502344 0.639844 0.114062 0.220312
1 0.603125 0.710156 0.087500 0.360938
1 0.604688 0.721094 0.090625 0.382812
4 0.642188 0.724219 0.165625 0.389062
10 0.703906 0.880469 0.076563 0.139063
0 0.823438 0.750000 0.243750 0.440625
0 0.950000 0.760938 0.100000 0.443750