3 0.043750 0.131250 0.087500 0.262500
7 0.035937 0.132031 0.071875 0.264062
10 0.014844 0.235156 0.029687 0.076563
0 0.114844 0.152344 0.192188 0.304688
0 0.458594 0.223438 0.198437 0.337500
9 0.590625 0.253906 0.168750 0.332813
10 0.625781 0.378125 0.070312 0.106250
0 0.719531 0.276562 0.164062 0.325000
0 0.840625 0.289062 0.165625 0.306250
8 0.264062 0.736719 0.109375 0.135937
3 0.385937 0.709375 0.068750 0.081250
6 0.446875 0.707812 0.065625 0.078125
8 0.503906 0.705469 0.067187 0.073438
4 0.564063 0.700000 0.059375 0.062500
2 0.822656 0.739062 0.135937 0.140625
0 0.918750 0.746875 0.134375 0.156250
5 0.971875 0.755469 0.056250 0.173437