1 0.159375 0.085156 0.131250 0.170313
9 0.261719 0.082812 0.167187 0.165625
3 0.403906 0.089844 0.151562 0.179688
10 0.464844 0.080469 0.057813 0.095312
0 0.504687 0.091406 0.128125 0.182812
6 0.878906 0.258594 0.167187 0.082812
9 0.321875 0.470313 0.078125 0.178125
3 0.410938 0.460156 0.090625 0.217188
0 0.500781 0.444531 0.085938 0.207813
2 0.558594 0.440625 0.020313 0.215625
10 0.467969 0.539844 0.023438 0.039062
6 0.593750 0.573438 0.050000 0.234375
6 0.605469 0.550781 0.073438 0.226562
0 0.707031 0.529687 0.110937 0.240625
0 0.821875 0.507031 0.109375 0.239063
10 0.663281 0.642969 0.020313 0.035937