1 0.046094 0.083594 0.092188 0.167187
9 0.143750 0.081250 0.140625 0.162500
3 0.284375 0.089063 0.121875 0.178125
10 0.326562 0.022656 0.050000 0.045312
0 0.401562 0.089844 0.137500 0.179688
1 0.549219 0.076563 0.120313 0.153125
10 0.029687 0.737500 0.059375 0.340625
10 0.259375 0.706250 0.134375 0.321875
0 0.128906 0.724219 0.135937 0.326562
0 0.397656 0.694531 0.123438 0.339062
0 0.518750 0.682031 0.118750 0.326562
10 0.321875 0.826562 0.046875 0.081250
8 0.768750 0.594531 0.181250 0.351562
9 0.918750 0.603906 0.156250 0.342187
10 0.976562 0.732031 0.046875 0.079687