5 0.135156 0.308594 0.232813 0.320312
6 0.273438 0.313281 0.090625 0.310937
5 0.451562 0.100781 0.165625 0.201563
0 0.640625 0.099219 0.159375 0.198437
0 0.829688 0.098437 0.156250 0.196875
0 0.956250 0.116406 0.087500 0.232813
1 0.021875 0.758594 0.043750 0.285938
1 0.011719 0.649219 0.023438 0.151562
8 0.020313 0.669531 0.040625 0.176563
9 0.048438 0.782031 0.096875 0.301563
5 0.132031 0.792969 0.104688 0.282813
7 0.217188 0.789062 0.090625 0.281250
10 0.237500 0.907813 0.021875 0.059375
0 0.278906 0.796094 0.079687 0.273438
4 0.464844 0.814063 0.207813 0.371875
0 0.610156 0.812500 0.182812 0.375000
0 0.779687 0.815625 0.187500 0.368750
10 0.686719 0.957031 0.060937 0.085938
1 0.942187 0.816406 0.115625 0.367188