0 0.430469 0.269531 0.057813 0.473438
8 0.286719 0.263281 0.223438 0.479687
5 0.096094 0.252344 0.192188 0.504687
10 0.379688 0.440625 0.065625 0.137500
5 0.625000 0.266406 0.218750 0.454688
7 0.977344 0.261719 0.045312 0.442188
10 0.902344 0.455469 0.067187 0.114062
8 0.823438 0.310937 0.215625 0.443750
4 0.031250 0.603906 0.062500 0.089063
6 0.102344 0.609375 0.067187 0.100000
4 0.186719 0.603906 0.060937 0.089063
5 0.260937 0.608594 0.059375 0.098437
10 0.136719 0.636719 0.017188 0.032813
7 0.738281 0.855469 0.101562 0.257812
0 0.850781 0.875781 0.101562 0.248438
10 0.893750 0.975781 0.040625 0.048438
0 0.952344 0.877344 0.095312 0.245312