0 0.240625 0.116406 0.200000 0.232813
0 0.414844 0.111719 0.170313 0.223438
8 0.064062 0.117188 0.128125 0.234375
5 0.055469 0.127344 0.110937 0.254688
10 0.129688 0.033594 0.062500 0.067187
0 0.696094 0.237500 0.114062 0.259375
0 0.800781 0.233594 0.098437 0.239063
1 0.528125 0.224219 0.056250 0.229687
1 0.523438 0.230469 0.046875 0.254688
3 0.597656 0.230469 0.085938 0.248438
10 0.641406 0.329688 0.042188 0.059375
4 0.037500 0.532813 0.075000 0.328125
1 0.095312 0.530469 0.053125 0.323437
6 0.230469 0.528125 0.142187 0.318750
10 0.319531 0.686719 0.051562 0.101562
0 0.425781 0.535937 0.148438 0.334375
1 0.536719 0.757031 0.073438 0.357812
1 0.595313 0.732031 0.137500 0.385937
7 0.737500 0.760156 0.121875 0.395313
0 0.901563 0.742188 0.159375 0.353125
10 0.805469 0.892188 0.073438 0.100000