2 0.185156 0.290625 0.185938 0.378125
3 0.349219 0.301563 0.170313 0.368750
6 0.498437 0.296875 0.165625 0.362500
10 0.559375 0.451562 0.050000 0.090625
1 0.642188 0.321875 0.034375 0.337500
4 0.747656 0.272656 0.176563 0.454688
6 0.895312 0.259375 0.203125 0.450000
10 0.970313 0.450000 0.059375 0.125000
5 0.314063 0.616406 0.131250 0.173437
9 0.476562 0.615625 0.134375 0.171875
10 0.525000 0.685937 0.053125 0.096875
0 0.604688 0.620313 0.109375 0.181250
10 0.817969 0.873437 0.070312 0.121875
0 0.921875 0.740625 0.156250 0.421875
5 0.745313 0.744531 0.171875 0.429688
9 0.720313 0.740625 0.121875 0.421875