2 0.054688 0.346875 0.109375 0.393750
3 0.124219 0.378906 0.204687 0.382812
6 0.273438 0.392188 0.200000 0.375000
10 0.316406 0.546875 0.057813 0.084375
1 0.462500 0.428125 0.165625 0.321875
5 0.675781 0.217188 0.132812 0.434375
7 0.703125 0.234375 0.187500 0.450000
10 0.628125 0.414844 0.037500 0.117188
8 0.675000 0.263281 0.131250 0.454688
8 0.850781 0.281250 0.257812 0.437500
7 0.062500 0.899219 0.125000 0.201563
3 0.124219 0.909375 0.248438 0.181250
0 0.307812 0.923438 0.256250 0.153125
0 0.482031 0.934375 0.254688 0.131250
1 0.644531 0.818750 0.070312 0.362500
7 0.651563 0.832031 0.084375 0.335938
3 0.657031 0.851562 0.095312 0.296875
0 0.760938 0.876563 0.215625 0.246875
0 0.915625 0.889844 0.168750 0.220312