1 0.021875 0.338281 0.043750 0.301563
9 0.030469 0.338281 0.060937 0.289062
0 0.039844 0.344531 0.079687 0.314063
0 0.164844 0.339844 0.132812 0.292187
0 0.306250 0.333594 0.137500 0.320312
10 0.086719 0.451562 0.042188 0.096875
9 0.606250 0.105469 0.053125 0.210938
4 0.628906 0.101562 0.098437 0.203125
10 0.675781 0.185938 0.042188 0.078125
0 0.752344 0.112500 0.135937 0.225000
0 0.868750 0.112500 0.109375 0.225000
10 0.125000 0.866406 0.053125 0.070312
0 0.204687 0.746875 0.134375 0.303125
0 0.342969 0.750781 0.145313 0.342187
8 0.065625 0.740625 0.131250 0.315625
2 0.035937 0.735938 0.071875 0.312500
0 0.599219 0.632812 0.039062 0.106250
0 0.597656 0.631250 0.035937 0.103125
2 0.596094 0.631250 0.032813 0.103125
5 0.595313 0.629687 0.031250 0.100000
9 0.657813 0.627344 0.062500 0.095312
0 0.728125 0.627344 0.065625 0.095312
4 0.807813 0.625781 0.056250 0.092188
10 0.760938 0.585938 0.009375 0.012500