1 0.132031 0.110156 0.198437 0.220312
9 0.264844 0.123438 0.235937 0.246875
0 0.412500 0.153125 0.243750 0.306250
0 0.524219 0.164062 0.110937 0.328125
10 0.469531 0.246094 0.079687 0.129688
4 0.692187 0.139844 0.225000 0.279687
1 0.910937 0.160938 0.128125 0.321875
6 0.967969 0.181250 0.064062 0.362500
10 0.264062 0.878906 0.084375 0.110937
7 0.412500 0.751563 0.231250 0.403125
0 0.238281 0.699219 0.254688 0.398438
9 0.107813 0.664844 0.215625 0.432812
5 0.064062 0.623437 0.128125 0.409375
2 0.651563 0.730469 0.143750 0.479687
0 0.757031 0.776563 0.257812 0.446875
8 0.919531 0.807031 0.160938 0.385937
10 0.964844 0.979688 0.070312 0.040625