1 0.314844 0.186719 0.145313 0.373437
0 0.438281 0.192969 0.192188 0.385937
0 0.530469 0.186719 0.057813 0.373437
0 0.585938 0.428906 0.053125 0.260937
0 0.584375 0.421875 0.050000 0.243750
4 0.625000 0.415625 0.087500 0.228125
2 0.708594 0.406250 0.085938 0.231250
1 0.810156 0.394531 0.051562 0.214062
0 0.864062 0.388281 0.071875 0.198437
5 0.938281 0.384375 0.067187 0.200000
10 0.903125 0.478125 0.015625 0.025000
1 0.026562 0.725000 0.053125 0.171875
8 0.039844 0.740625 0.079687 0.203125
0 0.097656 0.737500 0.154688 0.196875
9 0.208594 0.718750 0.132812 0.159375
10 0.263281 0.756250 0.032813 0.075000
5 0.310156 0.721094 0.126562 0.164062
6 0.889844 0.819531 0.204687 0.360938