1 0.146875 0.267969 0.146875 0.323437
1 0.264062 0.250781 0.131250 0.298438
0 0.350000 0.221875 0.156250 0.312500
0 0.446094 0.216406 0.085938 0.310937
10 0.434375 0.321875 0.056250 0.078125
5 0.664062 0.101562 0.203125 0.203125
9 0.809375 0.089844 0.178125 0.179688
10 0.906250 0.035937 0.071875 0.071875
0 0.932031 0.098437 0.135937 0.196875
4 0.085156 0.793750 0.170313 0.328125
3 0.232813 0.764062 0.153125 0.296875
10 0.298438 0.867969 0.068750 0.110937
0 0.360156 0.769531 0.154688 0.320312
1 0.532031 0.817969 0.085938 0.364063
7 0.543750 0.796875 0.109375 0.406250
1 0.631250 0.794531 0.153125 0.410938
10 0.709375 0.964844 0.075000 0.070312
0 0.786719 0.780469 0.242188 0.439063
7 0.960938 0.729688 0.078125 0.421875