1 0.240625 0.292969 0.159375 0.173437
1 0.332813 0.288281 0.093750 0.182812
3 0.659375 0.117188 0.246875 0.234375
7 0.847656 0.107031 0.207813 0.214062
10 0.943750 0.023438 0.062500 0.046875
0 0.942969 0.113281 0.114062 0.226562
10 0.037500 0.818750 0.075000 0.343750
10 0.163281 0.736719 0.189062 0.332813
0 0.066406 0.780469 0.132812 0.339062
0 0.292187 0.696094 0.175000 0.348438
0 0.350781 0.659375 0.057813 0.334375
10 0.252344 0.842187 0.060937 0.087500
6 0.497656 0.559375 0.142187 0.284375
7 0.621094 0.525781 0.117188 0.257812
0 0.722656 0.510938 0.142187 0.262500
0 0.821094 0.494531 0.117188 0.229687
10 0.689063 0.623437 0.031250 0.040625