1 0.250000 0.527344 0.112500 0.282813
5 0.335938 0.530469 0.128125 0.276562
7 0.442188 0.534375 0.118750 0.268750
3 0.542188 0.533594 0.134375 0.270313
10 0.577344 0.658594 0.029687 0.020313
1 0.642969 0.548438 0.051562 0.240625
2 0.696094 0.149219 0.054688 0.298438
2 0.700000 0.158594 0.062500 0.298438
10 0.694531 0.284375 0.029687 0.043750
0 0.792188 0.162500 0.143750 0.306250
0 0.932031 0.168750 0.135937 0.309375
0 0.162500 0.796875 0.078125 0.221875
0 0.251563 0.799219 0.084375 0.226562
1 0.357031 0.803125 0.035937 0.206250
3 0.421094 0.804688 0.079687 0.225000
6 0.503125 0.804688 0.075000 0.218750
4 0.589063 0.809375 0.078125 0.215625
3 0.654687 0.807813 0.028125 0.212500
9 0.756250 0.762500 0.159375 0.187500
9 0.910937 0.753906 0.162500 0.170313
10 0.971094 0.689844 0.051562 0.042188