0 0.102344 0.089063 0.204687 0.178125
1 0.040625 0.085156 0.081250 0.170313
1 0.264062 0.078125 0.153125 0.156250
0 0.373437 0.087500 0.200000 0.175000
8 0.520312 0.091406 0.218750 0.182812
10 0.417969 0.088281 0.070312 0.101562
2 0.663281 0.221875 0.067187 0.115625
4 0.128906 0.789844 0.217188 0.367188
5 0.261719 0.824219 0.192188 0.351562
10 0.304688 0.949219 0.071875 0.101562
0 0.399219 0.838281 0.195312 0.323437
0 0.532031 0.848437 0.195312 0.303125
10 0.978125 0.742188 0.043750 0.050000
9 0.951562 0.671875 0.096875 0.184375
5 0.985156 0.670312 0.029687 0.196875
2 0.804688 0.646875 0.128125 0.193750
0 0.883594 0.668750 0.107813 0.184375