0 0.028125 0.316406 0.056250 0.304688
3 0.036719 0.302344 0.073438 0.310937
5 0.120313 0.307031 0.103125 0.310937
5 0.292187 0.285156 0.106250 0.295312
2 0.207031 0.298438 0.089063 0.293750
10 0.342969 0.404687 0.023438 0.062500
9 0.382031 0.281250 0.098437 0.271875
3 0.682813 0.164844 0.146875 0.329688
1 0.875781 0.148438 0.057813 0.296875
9 0.964063 0.145313 0.071875 0.290625
5 0.039062 0.861719 0.078125 0.276562
8 0.177344 0.853125 0.151562 0.293750
0 0.382031 0.839844 0.185938 0.320312
1 0.594531 0.843750 0.029687 0.312500
3 0.810937 0.644531 0.115625 0.210938
3 0.939844 0.642188 0.120313 0.206250