0 0.034375 0.328906 0.068750 0.314063
3 0.030469 0.303906 0.060937 0.317188
5 0.032031 0.298438 0.064062 0.318750
5 0.050781 0.258594 0.101562 0.304688
2 0.028906 0.280469 0.057813 0.301563
10 0.096875 0.372656 0.031250 0.064062
9 0.125781 0.246875 0.123438 0.281250
5 0.460156 0.209375 0.060937 0.218750
3 0.466406 0.209375 0.073438 0.218750
10 0.499219 0.280469 0.045312 0.082812
0 0.543750 0.193750 0.112500 0.215625
0 0.636719 0.195312 0.110937 0.212500
0 0.300000 0.692969 0.153125 0.248438
0 0.389062 0.679688 0.081250 0.221875
6 0.174219 0.697656 0.142187 0.257812
5 0.064844 0.697656 0.129688 0.257812
10 0.244531 0.778906 0.057813 0.098437
0 0.463281 0.796875 0.067187 0.328125
0 0.483594 0.779687 0.107813 0.300000
0 0.592969 0.775000 0.123438 0.306250
5 0.700781 0.759375 0.117188 0.300000
4 0.809375 0.749219 0.112500 0.276562
2 0.912500 0.740625 0.109375 0.293750
8 0.978906 0.726562 0.042188 0.287500
10 0.977344 0.869531 0.010937 0.023438