5 0.042969 0.289062 0.085938 0.315625
1 0.102344 0.242188 0.098437 0.293750
10 0.164062 0.354687 0.062500 0.118750
0 0.223438 0.245312 0.187500 0.353125
0 0.364844 0.197656 0.170313 0.314063
2 0.604688 0.101562 0.228125 0.203125
1 0.768750 0.090625 0.146875 0.181250
10 0.829688 0.108594 0.043750 0.064062
0 0.894531 0.089063 0.176563 0.178125
2 0.217188 0.919531 0.115625 0.160938
0 0.337500 0.902344 0.118750 0.195312
2 0.429688 0.890625 0.040625 0.218750
0 0.564844 0.754687 0.229687 0.471875
0 0.765625 0.738281 0.240625 0.439063
0 0.924219 0.721875 0.151562 0.406250
10 0.675781 0.923438 0.092188 0.150000
2 0.521094 0.759375 0.142187 0.481250