6 0.039844 0.135937 0.079687 0.271875
9 0.049219 0.150781 0.098437 0.301563
0 0.234375 0.142187 0.168750 0.284375
10 0.118750 0.234375 0.056250 0.087500
0 0.425000 0.146875 0.184375 0.293750
0 0.565625 0.381250 0.031250 0.218750
0 0.567187 0.381250 0.034375 0.221875
1 0.555469 0.383594 0.010937 0.207813
3 0.565625 0.382812 0.031250 0.218750
6 0.609375 0.382031 0.059375 0.214062
4 0.694531 0.384375 0.064062 0.209375
3 0.780469 0.381250 0.054688 0.209375
9 0.862500 0.389844 0.059375 0.217188
10 0.814063 0.481250 0.012500 0.028125
6 0.098437 0.954688 0.137500 0.090625
5 0.222656 0.960938 0.101562 0.078125
10 0.357031 0.955469 0.117188 0.089063
10 0.483594 0.964844 0.132812 0.070312
5 0.664062 0.797656 0.071875 0.239063
6 0.770312 0.807813 0.075000 0.243750
0 0.880469 0.827344 0.079687 0.235937
0 0.972656 0.839844 0.054688 0.235937
10 0.815625 0.913281 0.015625 0.032813