4 0.278906 0.056250 0.092188 0.112500
6 0.344531 0.057031 0.048438 0.114062
6 0.489063 0.089844 0.168750 0.179688
3 0.650000 0.089063 0.159375 0.178125
10 0.723437 0.117188 0.059375 0.096875
0 0.808594 0.090625 0.173437 0.181250
0 0.936719 0.092969 0.126562 0.185938
6 0.025000 0.463281 0.050000 0.126562
0 0.025000 0.457031 0.050000 0.114062
10 0.042188 0.460938 0.034375 0.062500
0 0.090625 0.457031 0.106250 0.114062
1 0.201563 0.461719 0.090625 0.123438
3 0.544531 0.775781 0.129688 0.320312
3 0.725000 0.763281 0.131250 0.304688
9 0.907813 0.760156 0.118750 0.285938
9 0.639062 0.774219 0.121875 0.276562
7 0.818750 0.750781 0.103125 0.267188
10 0.860156 0.877344 0.023438 0.057813
1 0.378125 0.714063 0.018750 0.153125
8 0.390625 0.714063 0.043750 0.175000