4 0.180469 0.071094 0.129688 0.142187
6 0.289844 0.072656 0.135937 0.145313
10 0.342187 0.115625 0.065625 0.100000
0 0.380469 0.100000 0.076563 0.200000
6 0.810937 0.154688 0.140625 0.300000
10 0.862500 0.288281 0.028125 0.042188
1 0.968750 0.187500 0.062500 0.318750
2 0.232031 0.741406 0.220312 0.370312
2 0.358594 0.751563 0.120313 0.340625
6 0.577344 0.621094 0.123438 0.142187
7 0.706250 0.614062 0.096875 0.128125
0 0.810156 0.618750 0.120313 0.137500
0 0.911719 0.613281 0.098437 0.126562
10 0.739062 0.611719 0.028125 0.039062