4 0.182031 0.122656 0.207813 0.245312
8 0.302344 0.086719 0.160938 0.173437
10 0.400000 0.157812 0.093750 0.156250
0 0.438281 0.076563 0.192188 0.153125
0 0.572656 0.078906 0.170313 0.157812
1 0.726562 0.113281 0.034375 0.142187
1 0.722656 0.102344 0.026562 0.120313
5 0.727344 0.093750 0.035937 0.150000
10 0.714063 0.146875 0.009375 0.028125
0 0.727344 0.086719 0.035937 0.139063
0 0.726562 0.076563 0.034375 0.140625
5 0.133594 0.593750 0.267188 0.487500
4 0.342969 0.554688 0.251563 0.462500
10 0.477344 0.728906 0.095312 0.135937
0 0.564063 0.550000 0.271875 0.481250
1 0.823438 0.737500 0.112500 0.237500
7 0.903125 0.726562 0.131250 0.259375
6 0.959375 0.721094 0.081250 0.245312