4 0.050000 0.160156 0.100000 0.320312
8 0.038281 0.150000 0.076563 0.300000
10 0.030469 0.312500 0.060937 0.156250
0 0.110937 0.180469 0.184375 0.307812
0 0.193750 0.218750 0.071875 0.315625
5 0.418750 0.118750 0.268750 0.237500
9 0.607031 0.137500 0.239063 0.275000
10 0.663281 0.241406 0.070312 0.107813
1 0.822656 0.153906 0.198437 0.307812
9 0.925000 0.187500 0.150000 0.375000
7 0.195312 0.682813 0.068750 0.218750
5 0.144531 0.671094 0.123438 0.204687
10 0.592187 0.646875 0.075000 0.090625
0 0.690625 0.589844 0.175000 0.220312
0 0.815625 0.603906 0.187500 0.248438
2 0.551562 0.575781 0.190625 0.192188
5 0.424219 0.583594 0.185938 0.207813