4 0.064062 0.184375 0.128125 0.368750
8 0.072656 0.184375 0.145313 0.368750
0 0.239063 0.184375 0.181250 0.368750
1 0.438281 0.173437 0.123438 0.346875
10 0.152344 0.302344 0.076563 0.132812
4 0.742188 0.088281 0.171875 0.176563
6 0.888281 0.086719 0.157812 0.173437
6 0.127344 0.595313 0.248438 0.453125
0 0.364063 0.583594 0.228125 0.429688
10 0.465625 0.743750 0.068750 0.118750
5 0.538281 0.571094 0.076563 0.404687
3 0.681250 0.558594 0.137500 0.379688
10 0.775000 0.735156 0.062500 0.092188
3 0.867969 0.554688 0.179688 0.371875