3 0.030469 0.069531 0.060937 0.139063
0 0.129688 0.064844 0.103125 0.129688
10 0.177344 0.089063 0.014063 0.034375
0 0.260937 0.066406 0.115625 0.132812
1 0.413281 0.066406 0.060937 0.132812
3 0.624219 0.142187 0.070312 0.237500
6 0.719531 0.146875 0.079687 0.221875
5 0.828125 0.151562 0.081250 0.212500
10 0.871875 0.235937 0.021875 0.046875
0 0.938281 0.160156 0.092188 0.235937
6 0.167187 0.571875 0.112500 0.125000
2 0.273438 0.571875 0.100000 0.125000
10 0.310156 0.531250 0.042188 0.043750
0 0.378125 0.567187 0.118750 0.115625
0 0.480469 0.566406 0.117188 0.114062
6 0.653125 0.704688 0.090625 0.253125
3 0.752344 0.714063 0.082812 0.250000
0 0.842187 0.725000 0.084375 0.243750
10 0.879687 0.835156 0.009375 0.023438
2 0.932813 0.732812 0.084375 0.243750