3 0.035937 0.222656 0.071875 0.354687
0 0.061719 0.235156 0.123438 0.329688
10 0.109375 0.396875 0.021875 0.043750
0 0.214062 0.259375 0.162500 0.337500
1 0.396875 0.282031 0.084375 0.335938
4 0.521875 0.221875 0.115625 0.253125
3 0.652344 0.202344 0.095312 0.245312
10 0.702344 0.296094 0.023438 0.039062
0 0.775000 0.198437 0.121875 0.253125
0 0.891406 0.203125 0.123438 0.256250
2 0.148438 0.700000 0.081250 0.146875
7 0.202344 0.704688 0.054688 0.125000
10 0.215625 0.752344 0.015625 0.035937
0 0.246875 0.714844 0.062500 0.126562
0 0.297656 0.716406 0.051562 0.110937
2 0.660937 0.641406 0.156250 0.282813
2 0.792188 0.642969 0.143750 0.285938
2 0.912500 0.636719 0.137500 0.273438
10 0.965625 0.732031 0.037500 0.085938
0 0.979688 0.635156 0.040625 0.270313