2 0.066406 0.161719 0.132812 0.323437
2 0.082031 0.135156 0.164062 0.270313
5 0.221875 0.107813 0.221875 0.215625
10 0.332031 0.150000 0.057813 0.084375
0 0.392969 0.096875 0.229687 0.193750
6 0.941406 0.172656 0.073438 0.104688
1 0.981250 0.169531 0.037500 0.098437
2 0.057031 0.896094 0.114062 0.207813
0 0.087500 0.867969 0.175000 0.264062
0 0.195312 0.862500 0.218750 0.275000
10 0.302344 0.986719 0.082812 0.026562
0 0.349219 0.839063 0.239063 0.321875
0 0.456250 0.829688 0.146875 0.340625
1 0.587500 0.754687 0.115625 0.231250
1 0.589063 0.748437 0.118750 0.218750
4 0.651563 0.744531 0.243750 0.210938
10 0.773438 0.725781 0.093750 0.142187
0 0.839063 0.763281 0.303125 0.248438
0 0.943750 0.753125 0.112500 0.228125