5 0.043750 0.097656 0.087500 0.195312
6 0.063281 0.091406 0.126562 0.182812
10 0.150781 0.036719 0.039062 0.057813
0 0.214844 0.093750 0.185938 0.187500
0 0.336719 0.100781 0.104688 0.201563
3 0.421875 0.152344 0.065625 0.173437
6 0.484375 0.145313 0.125000 0.187500
5 0.617969 0.134375 0.123438 0.209375
10 0.694531 0.232813 0.032813 0.012500
0 0.754687 0.119531 0.140625 0.239063
1 0.916406 0.119531 0.095312 0.239063
4 0.360156 0.578125 0.057813 0.268750
6 0.817969 0.487500 0.095312 0.225000
0 0.916406 0.478906 0.107813 0.229687
10 0.978906 0.561719 0.026562 0.054688
0 0.978906 0.471094 0.042188 0.242188