5 0.051562 0.098437 0.103125 0.196875
6 0.080469 0.092969 0.160938 0.185938
10 0.103906 0.173437 0.042188 0.059375
0 0.228906 0.118750 0.214062 0.237500
0 0.389844 0.147656 0.223438 0.295312
2 0.678125 0.356250 0.184375 0.265625
7 0.925000 0.403125 0.150000 0.171875
0 0.807813 0.375781 0.184375 0.226562
1 0.032031 0.558594 0.064062 0.139063
1 0.205469 0.589063 0.135937 0.200000
1 0.453906 0.618750 0.129688 0.259375
0 0.316406 0.604688 0.182812 0.231250
6 0.081250 0.567969 0.162500 0.157812
10 0.219531 0.670312 0.057813 0.078125
2 0.843750 0.642969 0.312500 0.307812