6 0.043750 0.359375 0.087500 0.340625
2 0.061719 0.378906 0.123438 0.301563
0 0.188281 0.394531 0.179688 0.270313
2 0.323437 0.407031 0.131250 0.245312
2 0.571094 0.278125 0.229687 0.365625
0 0.717969 0.317969 0.189062 0.389062
6 0.849219 0.339062 0.192188 0.362500
10 0.888281 0.478125 0.079687 0.103125
0 0.943750 0.356250 0.112500 0.328125
5 0.060937 0.852344 0.121875 0.295312
0 0.218750 0.870313 0.212500 0.259375
0 0.342187 0.892969 0.093750 0.214062
1 0.477344 0.626563 0.129688 0.193750
0 0.620313 0.625000 0.196875 0.190625
7 0.810937 0.631250 0.165625 0.203125
10 0.849219 0.707031 0.026562 0.042188
0 0.935156 0.650000 0.129688 0.240625