2 0.100781 0.182812 0.201563 0.365625
1 0.342969 0.140625 0.104688 0.281250
10 0.419531 0.251563 0.042188 0.053125
5 0.494531 0.132031 0.192188 0.264062
7 0.675000 0.163281 0.090625 0.326562
4 0.676562 0.146094 0.093750 0.292187
0 0.692969 0.132812 0.126562 0.265625
0 0.835938 0.108594 0.181250 0.217188
10 0.640625 0.239063 0.021875 0.062500
4 0.139063 0.771094 0.146875 0.304688
0 0.264062 0.736719 0.156250 0.301563
0 0.408594 0.728125 0.167187 0.303125
10 0.339062 0.842187 0.034375 0.062500
1 0.555469 0.718750 0.098437 0.290625
5 0.694531 0.626563 0.129688 0.375000
5 0.721094 0.586719 0.182812 0.295312
0 0.886719 0.572656 0.226562 0.267188