2 0.057813 0.136719 0.115625 0.273438
1 0.258594 0.137500 0.110937 0.275000
10 0.288281 0.260937 0.042188 0.053125
5 0.414062 0.152344 0.196875 0.304688
9 0.559375 0.153906 0.081250 0.307812
0 0.645312 0.264844 0.090625 0.270313
0 0.654687 0.269531 0.109375 0.260937
0 0.737500 0.291406 0.168750 0.217188
6 0.837500 0.303906 0.159375 0.192188
8 0.930469 0.319531 0.139063 0.160938
3 0.271875 0.724219 0.237500 0.526563
5 0.463281 0.773438 0.214062 0.453125
10 0.541406 0.981250 0.048438 0.037500
0 0.572656 0.803125 0.054688 0.393750
0 0.662500 0.755469 0.125000 0.489063
0 0.664062 0.778906 0.128125 0.442188
9 0.714063 0.784375 0.228125 0.431250
0 0.885156 0.792969 0.229687 0.414062