2 0.134375 0.126562 0.268750 0.253125
8 0.320312 0.114062 0.240625 0.228125
0 0.492969 0.107813 0.239063 0.215625
10 0.568750 0.065625 0.043750 0.090625
0 0.638281 0.105469 0.220312 0.210938
0 0.750000 0.096094 0.100000 0.192188
1 0.832031 0.126562 0.064062 0.253125
4 0.916406 0.118750 0.148438 0.237500
4 0.103906 0.821094 0.207813 0.357812
1 0.246875 0.779687 0.156250 0.340625
5 0.358594 0.773438 0.198437 0.375000
10 0.453125 0.883594 0.062500 0.089063
0 0.515625 0.742969 0.200000 0.348438
0 0.657813 0.728906 0.190625 0.320312
4 0.967187 0.803125 0.065625 0.359375
2 0.889062 0.817187 0.178125 0.365625