2 0.066406 0.206250 0.132812 0.412500
8 0.057031 0.216406 0.114062 0.432812
0 0.139844 0.253906 0.229687 0.429688
10 0.162500 0.396875 0.040625 0.090625
0 0.296875 0.254688 0.209375 0.421875
0 0.405469 0.314063 0.107813 0.384375
2 0.553125 0.351562 0.187500 0.365625
5 0.710156 0.387500 0.154688 0.346875
5 0.858594 0.425781 0.142187 0.339062
0 0.957031 0.450000 0.085938 0.334375
10 0.889844 0.566406 0.032813 0.051562
0 0.068750 0.951562 0.137500 0.096875
0 0.170313 0.960156 0.165625 0.079687
0 0.610156 0.882031 0.195312 0.235937
1 0.513281 0.871875 0.107813 0.256250
1 0.777344 0.917188 0.135937 0.165625
0 0.887500 0.925781 0.181250 0.148438