3 0.065625 0.092969 0.131250 0.185938
5 0.211719 0.082812 0.129688 0.165625
10 0.287500 0.039062 0.059375 0.078125
3 0.382031 0.194531 0.104688 0.389062
7 0.500000 0.185938 0.181250 0.371875
10 0.585938 0.318750 0.071875 0.112500
0 0.686719 0.184375 0.195312 0.368750
0 0.885156 0.169531 0.214062 0.339062
0 0.284375 0.683594 0.090625 0.351562
4 0.171875 0.683594 0.156250 0.364063
9 0.582812 0.754687 0.090625 0.193750
6 0.662500 0.757031 0.071875 0.192188
6 0.744531 0.727344 0.082812 0.198437
2 0.825781 0.721094 0.089063 0.182812
10 0.700000 0.815625 0.034375 0.056250