1 0.057031 0.403906 0.114062 0.448437
1 0.164844 0.452344 0.235937 0.432812
4 0.287500 0.475000 0.243750 0.387500
10 0.339844 0.633594 0.092188 0.070312
0 0.469531 0.479687 0.279687 0.378125
8 0.696094 0.186719 0.173437 0.373437
5 0.764062 0.207031 0.309375 0.414062
10 0.814063 0.365625 0.121875 0.165625
0 0.907813 0.253125 0.184375 0.506250
6 0.056250 0.789062 0.112500 0.240625
0 0.116406 0.819531 0.232813 0.301563
0 0.317969 0.834375 0.270313 0.331250
1 0.550000 0.834375 0.118750 0.331250
10 0.164844 0.954688 0.035937 0.065625
0 0.800000 0.952344 0.250000 0.095312