1 0.047656 0.142969 0.095312 0.285938
1 0.051562 0.157031 0.103125 0.314063
4 0.129688 0.162500 0.209375 0.325000
10 0.196094 0.285938 0.079687 0.140625
0 0.325000 0.192188 0.259375 0.384375
0 0.429688 0.200781 0.078125 0.401562
6 0.686719 0.121875 0.232813 0.243750
6 0.857812 0.117969 0.228125 0.235937
10 0.919531 0.175000 0.070312 0.115625
0 0.956250 0.140625 0.087500 0.281250
2 0.050000 0.578906 0.100000 0.220312
9 0.142187 0.578125 0.190625 0.218750
4 0.325781 0.577344 0.176563 0.217188
10 0.384375 0.667969 0.031250 0.042188
0 0.432031 0.600000 0.073438 0.262500
2 0.682813 0.674219 0.146875 0.317188
3 0.829688 0.698438 0.150000 0.340625
2 0.946875 0.709375 0.106250 0.325000