2 0.033594 0.436719 0.067187 0.185938
9 0.031250 0.421094 0.062500 0.217188
10 0.060156 0.502344 0.032813 0.054688
0 0.110937 0.403906 0.121875 0.226562
0 0.232031 0.386719 0.135937 0.242188
6 0.666406 0.103125 0.148438 0.206250
2 0.847656 0.089844 0.120313 0.179688
10 0.907813 0.146875 0.040625 0.043750
7 0.947656 0.078906 0.104688 0.157812
7 0.763281 0.096875 0.117188 0.193750
7 0.036719 0.875000 0.073438 0.250000
9 0.039062 0.874219 0.078125 0.251563
0 0.069531 0.871875 0.139063 0.256250
0 0.196875 0.863281 0.168750 0.273438
0 0.665625 0.636719 0.206250 0.214062
0 0.847656 0.642188 0.232813 0.225000
8 0.473438 0.645312 0.225000 0.231250
6 0.413281 0.650781 0.107813 0.242188
10 0.582812 0.692187 0.071875 0.115625