2 0.104688 0.377344 0.146875 0.229687
9 0.225000 0.352344 0.137500 0.239063
10 0.292187 0.425000 0.037500 0.062500
0 0.343750 0.322656 0.131250 0.226562
0 0.464062 0.307031 0.143750 0.242188
1 0.607031 0.134375 0.035937 0.265625
7 0.617969 0.134375 0.057813 0.268750
7 0.614844 0.116406 0.051562 0.232813
0 0.656250 0.118750 0.121875 0.237500
2 0.785156 0.097656 0.129688 0.195312
10 0.605469 0.214062 0.023438 0.037500
4 0.346875 0.640625 0.078125 0.081250
6 0.417187 0.645312 0.084375 0.090625
4 0.500000 0.639844 0.075000 0.079687
5 0.561719 0.642188 0.054688 0.084375
10 0.462500 0.614062 0.021875 0.028125
2 0.643750 0.892969 0.109375 0.214062
0 0.634375 0.878906 0.090625 0.242188
8 0.639062 0.867969 0.100000 0.264062
10 0.688281 0.986719 0.067187 0.026562
0 0.768750 0.858594 0.212500 0.282813
0 0.912500 0.843750 0.175000 0.312500