5 0.075000 0.230469 0.150000 0.423438
0 0.264844 0.234375 0.173437 0.406250
0 0.457813 0.244531 0.121875 0.410938
10 0.350000 0.430469 0.031250 0.060937
9 0.568750 0.249219 0.100000 0.464062
4 0.587500 0.252344 0.137500 0.423438
10 0.643750 0.463281 0.037500 0.048438
0 0.782031 0.288281 0.207813 0.479687
0 0.950000 0.308594 0.100000 0.479687
5 0.042969 0.700000 0.085938 0.181250
2 0.107813 0.704688 0.159375 0.190625
10 0.158594 0.662500 0.073438 0.106250
0 0.250000 0.691406 0.153125 0.164062
0 0.375781 0.689844 0.145313 0.160938
0 0.831250 0.716406 0.150000 0.214062
7 0.714063 0.714063 0.115625 0.209375
10 0.881250 0.783594 0.065625 0.082812
5 0.946875 0.726562 0.106250 0.234375