5 0.053906 0.235937 0.107813 0.428125
0 0.057813 0.195312 0.115625 0.390625
0 0.221094 0.172656 0.195312 0.345313
10 0.147656 0.350781 0.035937 0.060937
6 0.675781 0.228125 0.126562 0.196875
8 0.764844 0.225000 0.107813 0.215625
10 0.813281 0.282031 0.045312 0.067187
0 0.849219 0.202344 0.114062 0.210938
0 0.942969 0.184375 0.092188 0.175000
8 0.078125 0.744531 0.156250 0.510938
5 0.100781 0.739844 0.201563 0.520312
10 0.196875 0.933594 0.112500 0.132812
0 0.228906 0.739844 0.179688 0.520312
1 0.607812 0.668750 0.128125 0.334375
7 0.739844 0.642188 0.160938 0.325000
8 0.857812 0.639062 0.181250 0.318750
10 0.964063 0.749219 0.043750 0.070312
0 0.969531 0.621094 0.060937 0.282813