7 0.054688 0.450000 0.109375 0.300000
4 0.071875 0.473438 0.143750 0.253125
0 0.172656 0.500781 0.154688 0.198437
5 0.475781 0.305469 0.135937 0.223438
5 0.551562 0.323437 0.115625 0.212500
0 0.636719 0.363281 0.129688 0.214062
0 0.719531 0.379688 0.132812 0.231250
10 0.573438 0.408594 0.040625 0.073438
5 0.051562 0.714063 0.103125 0.228125
7 0.114062 0.732031 0.171875 0.264062
10 0.123438 0.842187 0.071875 0.118750
0 0.188281 0.768750 0.123438 0.318750
2 0.365625 0.707031 0.231250 0.214062
2 0.556250 0.717187 0.265625 0.234375
5 0.753906 0.708594 0.223438 0.217188
10 0.766406 0.751563 0.057813 0.084375
0 0.905469 0.705469 0.189062 0.210938