6 0.072656 0.162500 0.145313 0.278125
3 0.164844 0.175000 0.154688 0.271875
10 0.189844 0.274219 0.051562 0.085938
0 0.272656 0.183594 0.154688 0.282813
9 0.664844 0.169531 0.157812 0.270313
8 0.764844 0.189844 0.157812 0.285938
10 0.785937 0.297656 0.040625 0.070312
0 0.872656 0.216406 0.164062 0.276562
0 0.949219 0.232031 0.101562 0.276562
5 0.150000 0.611719 0.171875 0.185938
6 0.260937 0.626563 0.156250 0.215625
0 0.317969 0.633594 0.064062 0.229687
10 0.288281 0.696875 0.064062 0.078125
8 0.742188 0.602344 0.184375 0.167187
9 0.842969 0.604688 0.182812 0.171875
5 0.923438 0.596094 0.153125 0.154688
0 0.366406 0.557031 0.032813 0.076563
8 0.384375 0.567969 0.068750 0.098437