6 0.048438 0.086719 0.096875 0.173437
3 0.154688 0.082812 0.125000 0.165625
10 0.213281 0.122656 0.042188 0.098437
0 0.298438 0.081250 0.137500 0.162500
2 0.628125 0.127344 0.065625 0.142187
7 0.682031 0.128906 0.042188 0.123438
10 0.697656 0.174219 0.010937 0.035937
0 0.726562 0.135937 0.050000 0.125000
0 0.777344 0.135156 0.042188 0.107813
1 0.195312 0.876563 0.100000 0.246875
9 0.306250 0.882812 0.115625 0.234375
5 0.529687 0.890625 0.112500 0.218750
7 0.631250 0.901563 0.078125 0.196875
10 0.670312 0.980469 0.043750 0.039062
0 0.725000 0.898438 0.093750 0.203125
1 0.839063 0.901563 0.059375 0.196875