1 0.031250 0.106250 0.062500 0.212500
2 0.051562 0.101562 0.103125 0.203125
3 0.043750 0.108594 0.087500 0.217188
10 0.017188 0.027344 0.034375 0.054688
0 0.110156 0.100781 0.192188 0.201563
0 0.260156 0.107031 0.139063 0.214062
7 0.386719 0.298438 0.114062 0.140625
0 0.567969 0.304688 0.154688 0.128125
0 0.767188 0.307812 0.165625 0.121875
1 0.008594 0.801562 0.017188 0.259375
3 0.023438 0.810156 0.046875 0.289062
9 0.027344 0.820312 0.054688 0.281250
10 0.004687 0.939063 0.009375 0.043750
5 0.023438 0.838281 0.046875 0.270313
7 0.142187 0.847656 0.081250 0.276562
5 0.377344 0.792969 0.095312 0.317188
3 0.514844 0.801562 0.120313 0.337500
10 0.578125 0.950000 0.056250 0.068750
0 0.660156 0.808594 0.142187 0.317188
0 0.810156 0.815625 0.148438 0.334375