1 0.035156 0.107031 0.070312 0.214062
2 0.114062 0.103906 0.221875 0.207813
3 0.282813 0.110937 0.193750 0.221875
10 0.342187 0.037500 0.075000 0.075000
0 0.462500 0.103125 0.209375 0.206250
0 0.607031 0.109375 0.145313 0.218750
1 0.717969 0.094531 0.076563 0.189062
0 0.725781 0.102344 0.092188 0.204687
0 0.878125 0.103125 0.165625 0.206250
8 0.740625 0.107813 0.121875 0.215625
10 0.781250 0.185938 0.059375 0.090625
5 0.399219 0.605469 0.092188 0.248438
5 0.512500 0.621094 0.087500 0.239063
0 0.615625 0.642188 0.096875 0.243750
10 0.544531 0.723437 0.023438 0.050000
3 0.719531 0.689844 0.079687 0.335938
6 0.717187 0.708594 0.075000 0.320312
10 0.691406 0.826562 0.023438 0.071875
3 0.714844 0.724219 0.070312 0.351562
9 0.824219 0.723437 0.157812 0.312500