3 0.201563 0.224219 0.196875 0.326562
5 0.328125 0.190625 0.193750 0.309375
10 0.417969 0.287500 0.070312 0.093750
0 0.455469 0.162500 0.189062 0.318750
1 0.529687 0.132812 0.040625 0.265625
4 0.812500 0.362500 0.221875 0.393750
5 0.654687 0.391406 0.209375 0.335938
0 0.926562 0.360938 0.146875 0.390625
10 0.913281 0.503125 0.073438 0.109375
3 0.271094 0.764844 0.207813 0.345313
6 0.408594 0.738281 0.192188 0.329688
10 0.503906 0.832031 0.057813 0.076563
3 0.504687 0.721875 0.090625 0.325000
3 0.592187 0.683594 0.084375 0.248438
1 0.814063 0.651563 0.140625 0.184375
10 0.667969 0.744531 0.054688 0.082812
0 0.614062 0.678125 0.128125 0.237500
0 0.703906 0.675000 0.173437 0.231250