0 0.042969 0.163281 0.085938 0.326562
1 0.038281 0.159375 0.076563 0.318750
1 0.032813 0.163281 0.065625 0.326562
10 0.023438 0.321875 0.046875 0.165625
0 0.133594 0.201563 0.242188 0.403125
0 0.299219 0.203906 0.207813 0.407813
5 0.615625 0.221875 0.140625 0.262500
8 0.726562 0.239063 0.128125 0.265625
10 0.758594 0.340625 0.039062 0.056250
0 0.840625 0.265625 0.137500 0.275000
1 0.957031 0.282813 0.085938 0.253125
10 0.379688 0.546094 0.115625 0.232813
2 0.427344 0.562500 0.064062 0.265625
10 0.525000 0.906250 0.078125 0.096875
0 0.644531 0.772656 0.220312 0.398438
0 0.815625 0.785156 0.240625 0.429688
8 0.521875 0.739062 0.125000 0.415625
2 0.517969 0.705469 0.117188 0.417187