0 0.053125 0.142969 0.106250 0.285938
1 0.205469 0.129688 0.126562 0.259375
1 0.399219 0.122656 0.104688 0.245312
10 0.431250 0.239063 0.084375 0.162500
0 0.560156 0.150781 0.210938 0.301563
0 0.663281 0.144531 0.051562 0.289062
1 0.719531 0.417969 0.026562 0.064062
6 0.757031 0.416406 0.045312 0.067187
1 0.814063 0.423438 0.028125 0.053125
0 0.848437 0.421875 0.043750 0.056250
1 0.904687 0.423438 0.028125 0.053125
6 0.239063 0.549219 0.100000 0.198437
6 0.332813 0.551562 0.090625 0.203125
9 0.418750 0.559375 0.100000 0.218750
8 0.500000 0.560937 0.093750 0.221875
10 0.529687 0.655469 0.018750 0.035937
9 0.585938 0.564063 0.090625 0.228125
1 0.005469 0.479687 0.010937 0.059375
8 0.014844 0.486719 0.029687 0.073438
10 0.822656 0.516406 0.039062 0.079687
4 0.898438 0.516406 0.109375 0.132812
4 0.721875 0.511719 0.065625 0.123438
1 0.717969 0.516406 0.057813 0.132812
1 0.790625 0.514844 0.093750 0.129688