6 0.064062 0.142969 0.128125 0.285938
1 0.170313 0.117188 0.137500 0.234375
10 0.223438 0.183594 0.062500 0.101562
8 0.264844 0.118750 0.176563 0.237500
8 0.383594 0.105469 0.185938 0.210938
6 0.671094 0.392969 0.082812 0.317188
8 0.709375 0.363281 0.156250 0.320312
0 0.852344 0.328125 0.160938 0.306250
1 0.987500 0.296875 0.025000 0.315625
10 0.792969 0.478906 0.029687 0.045312
2 0.248438 0.957031 0.153125 0.085938
5 0.346094 0.957812 0.145313 0.084375
0 0.434375 0.950000 0.137500 0.100000
6 0.729688 0.814063 0.165625 0.268750
8 0.881250 0.800000 0.156250 0.240625
0 0.971875 0.778906 0.056250 0.198437
10 0.966406 0.875781 0.029687 0.045312