6 0.051562 0.282813 0.103125 0.253125
1 0.130469 0.311719 0.157812 0.195312
8 0.218750 0.318750 0.196875 0.181250
8 0.337500 0.332813 0.206250 0.153125
5 0.779687 0.081250 0.212500 0.162500
4 0.905469 0.073438 0.176563 0.146875
10 0.917188 0.099219 0.040625 0.060937
0 0.964063 0.075781 0.071875 0.151562
6 0.069531 0.547656 0.139063 0.276562
8 0.209375 0.568750 0.209375 0.318750
10 0.239844 0.721094 0.039062 0.054688
7 0.392188 0.589063 0.193750 0.359375
2 0.461719 0.641406 0.054688 0.392188
2 0.694531 0.503125 0.160938 0.187500
3 0.783594 0.530469 0.157812 0.242188
2 0.876563 0.539062 0.159375 0.259375
8 0.943750 0.579688 0.112500 0.278125
10 0.803906 0.597656 0.067187 0.082812