5 0.164062 0.057813 0.103125 0.115625
2 0.292187 0.064844 0.112500 0.129688
10 0.358594 0.010156 0.020313 0.020313
1 0.566406 0.076563 0.101562 0.153125
4 0.642188 0.067187 0.109375 0.134375
6 0.732031 0.082812 0.117188 0.165625
10 0.787500 0.096094 0.043750 0.073438
10 0.836719 0.056250 0.135937 0.112500
5 0.052344 0.553906 0.104688 0.329688
8 0.069531 0.537500 0.139063 0.296875
10 0.133594 0.635938 0.070312 0.125000
7 0.221875 0.531250 0.187500 0.284375
5 0.319531 0.525000 0.120313 0.271875
5 0.646875 0.518750 0.184375 0.259375
2 0.791406 0.513281 0.170313 0.248438
10 0.867969 0.554688 0.076563 0.109375
0 0.924219 0.486719 0.151562 0.195312