5 0.119531 0.057813 0.098437 0.115625
2 0.247656 0.064844 0.107813 0.129688
0 0.349219 0.062500 0.079687 0.125000
10 0.306250 0.021094 0.021875 0.042188
2 0.501563 0.281250 0.131250 0.303125
2 0.644531 0.267969 0.142187 0.317188
6 0.784375 0.250000 0.131250 0.315625
10 0.859375 0.365625 0.025000 0.037500
0 0.928906 0.234375 0.135937 0.312500
4 0.274219 0.858594 0.173437 0.282813
7 0.363281 0.842187 0.051562 0.315625
6 0.432031 0.668750 0.085938 0.259375
0 0.600781 0.658594 0.185938 0.239063
0 0.807031 0.648438 0.217188 0.218750
10 0.701562 0.741406 0.028125 0.064062