8 0.064062 0.154688 0.128125 0.309375
0 0.081250 0.145313 0.162500 0.290625
10 0.121094 0.194531 0.079687 0.148438
0 0.197656 0.113281 0.223438 0.226562
7 0.410938 0.150781 0.062500 0.248438
0 0.489063 0.153906 0.143750 0.295312
10 0.559375 0.232031 0.025000 0.042188
0 0.603906 0.128125 0.151562 0.256250
1 0.755469 0.124219 0.120313 0.248438
1 0.071875 0.720313 0.143750 0.303125
9 0.198437 0.721094 0.337500 0.304688
6 0.733594 0.942969 0.164062 0.114062
2 0.864062 0.932031 0.159375 0.135937
0 0.960938 0.917969 0.078125 0.164062