8 0.073438 0.214062 0.146875 0.331250
0 0.221875 0.236719 0.156250 0.285938
0 0.353125 0.246094 0.093750 0.267188
2 0.420312 0.064844 0.040625 0.129688
1 0.502344 0.075000 0.048438 0.150000
5 0.579688 0.077344 0.068750 0.154688
10 0.625781 0.139844 0.020313 0.039062
0 0.685156 0.082812 0.082812 0.165625
5 0.042188 0.703906 0.084375 0.392188
8 0.096094 0.704688 0.154688 0.378125
10 0.166406 0.859375 0.057813 0.121875
7 0.277344 0.710156 0.145313 0.401562
5 0.369531 0.712500 0.060937 0.412500
1 0.484375 0.673438 0.031250 0.268750
1 0.624219 0.654687 0.042188 0.253125
1 0.754687 0.654687 0.031250 0.293750
10 0.777344 0.756250 0.017188 0.028125
0 0.856250 0.659375 0.109375 0.306250
0 0.962500 0.637500 0.075000 0.271875