4 0.075781 0.162500 0.151562 0.325000
3 0.221875 0.130469 0.146875 0.260937
0 0.364844 0.116406 0.173437 0.232813
2 0.492188 0.088281 0.159375 0.176563
10 0.297656 0.214062 0.032813 0.046875
6 0.826562 0.274219 0.087500 0.151562
6 0.885938 0.257812 0.084375 0.184375
6 0.959375 0.256250 0.081250 0.165625
10 0.932813 0.321875 0.031250 0.046875
0 0.158594 0.636719 0.098437 0.229687
0 0.248438 0.627344 0.093750 0.226562
2 0.339844 0.615625 0.101562 0.225000
7 0.435156 0.601562 0.085938 0.228125
1 0.539844 0.589063 0.057813 0.212500
9 0.607031 0.581250 0.095312 0.215625
10 0.655469 0.664844 0.007812 0.029687
2 0.714063 0.768750 0.109375 0.446875
1 0.742969 0.721875 0.101562 0.406250
10 0.817969 0.899219 0.042188 0.051562
5 0.894531 0.693750 0.189062 0.440625