3 0.049219 0.135156 0.098437 0.270313
6 0.091406 0.148438 0.182812 0.296875
10 0.134375 0.257812 0.056250 0.075000
3 0.235937 0.171875 0.181250 0.343750
9 0.341406 0.178906 0.117188 0.320312
1 0.453906 0.193750 0.107813 0.362500
7 0.503125 0.233594 0.190625 0.385937
10 0.532813 0.371875 0.053125 0.087500
0 0.643750 0.263281 0.196875 0.348438
0 0.785156 0.294531 0.204687 0.370312
1 0.292187 0.881250 0.081250 0.237500
6 0.338281 0.876563 0.123438 0.246875
4 0.797656 0.727344 0.204687 0.176563
8 0.923438 0.714844 0.153125 0.151562
10 0.957031 0.706250 0.085938 0.134375