3 0.169531 0.186719 0.176563 0.339062
6 0.310937 0.201563 0.162500 0.325000
10 0.372656 0.319531 0.051562 0.073438
3 0.461719 0.214062 0.154688 0.356250
9 0.549219 0.208594 0.060937 0.317188
2 0.604688 0.367188 0.050000 0.231250
9 0.603906 0.378906 0.048438 0.220312
0 0.652344 0.377344 0.089063 0.242188
0 0.746094 0.382812 0.098437 0.221875
10 0.592969 0.487500 0.020313 0.040625
0 0.046875 0.802344 0.093750 0.395313
0 0.047656 0.807813 0.095312 0.384375
0 0.260937 0.832031 0.187500 0.335938
7 0.153125 0.814844 0.184375 0.370312
8 0.063281 0.805469 0.126562 0.389062
1 0.400000 0.841406 0.143750 0.317188
2 0.630469 0.760938 0.101562 0.321875
3 0.690625 0.764844 0.187500 0.329688
6 0.841406 0.760938 0.182812 0.321875
10 0.903906 0.892969 0.054688 0.095312
1 0.979688 0.768750 0.040625 0.337500