0 0.098437 0.218750 0.118750 0.081250
0 0.214062 0.220312 0.128125 0.078125
1 0.452344 0.139063 0.045312 0.240625
0 0.512500 0.135937 0.106250 0.246875
0 0.710938 0.126562 0.096875 0.218750
0 0.802344 0.131250 0.095312 0.234375
6 0.617188 0.138281 0.096875 0.229687
10 0.658594 0.221094 0.035937 0.054688
5 0.058594 0.478125 0.117188 0.250000
7 0.164844 0.489844 0.098437 0.229687
10 0.199219 0.586719 0.042188 0.089063
0 0.259375 0.508594 0.109375 0.242188
0 0.367188 0.517969 0.121875 0.254688
2 0.675000 0.632031 0.128125 0.314063
0 0.774219 0.632031 0.107813 0.279687
0 0.864844 0.633594 0.104688 0.289062
8 0.953906 0.631250 0.092188 0.275000
10 0.994531 0.739062 0.010937 0.040625