4 0.371875 0.275781 0.212500 0.345313
7 0.503906 0.240625 0.189062 0.359375
10 0.589063 0.347656 0.087500 0.139063
0 0.629687 0.221875 0.200000 0.378125
0 0.698438 0.185156 0.062500 0.354687
2 0.781250 0.364844 0.103125 0.229687
3 0.783594 0.346094 0.107813 0.267188
7 0.836719 0.331250 0.198437 0.296875
10 0.931250 0.460156 0.062500 0.039062
0 0.942187 0.316406 0.115625 0.326562
2 0.206250 0.569531 0.146875 0.179688
1 0.310937 0.552344 0.125000 0.145313
9 0.382812 0.548438 0.143750 0.137500
10 0.446094 0.571875 0.035937 0.056250
0 0.478125 0.535156 0.131250 0.110937
0 0.574219 0.540625 0.151562 0.121875