8 0.094531 0.171094 0.189062 0.342187
0 0.235937 0.188281 0.265625 0.376563
10 0.262500 0.331250 0.046875 0.068750
0 0.336719 0.194531 0.064062 0.389062
1 0.399219 0.140625 0.060937 0.281250
1 0.482031 0.153125 0.123438 0.306250
1 0.631250 0.183594 0.115625 0.320312
10 0.621875 0.335156 0.031250 0.039062
0 0.750781 0.204687 0.195312 0.359375
0 0.902344 0.228125 0.182812 0.321875
4 0.036719 0.685937 0.073438 0.262500
3 0.039062 0.691406 0.078125 0.248438
10 0.042969 0.794531 0.029687 0.042188
0 0.135156 0.712500 0.154688 0.262500
0 0.249219 0.739062 0.157812 0.265625
9 0.751563 0.575781 0.181250 0.326562
5 0.890625 0.622656 0.168750 0.314063
10 0.920312 0.763281 0.046875 0.054688
0 0.965625 0.671094 0.068750 0.332813