8 0.288281 0.169531 0.226562 0.339062
0 0.496094 0.166406 0.223438 0.332813
10 0.549219 0.286719 0.039062 0.067187
0 0.650781 0.164844 0.117188 0.329688
3 0.749219 0.105469 0.079687 0.210938
1 0.742188 0.100000 0.065625 0.200000
2 0.789844 0.124219 0.160938 0.248438
6 0.903125 0.122656 0.146875 0.245312
10 0.929688 0.210156 0.031250 0.057813
2 0.963281 0.123438 0.073438 0.246875
4 0.213281 0.471094 0.173437 0.164062
5 0.339062 0.470313 0.156250 0.162500
10 0.390625 0.464844 0.050000 0.098437
0 0.467187 0.471875 0.159375 0.165625
1 0.618750 0.464844 0.125000 0.151562
1 0.860156 0.676562 0.198437 0.575000
9 0.954688 0.682813 0.090625 0.587500