5 0.109375 0.449219 0.112500 0.295312
9 0.250000 0.432812 0.109375 0.303125
10 0.317188 0.538281 0.021875 0.051562
0 0.385156 0.407813 0.110937 0.296875
0 0.510938 0.392969 0.121875 0.295312
6 0.660156 0.344531 0.160938 0.354687
6 0.800781 0.346094 0.129688 0.326562
10 0.862500 0.461719 0.037500 0.092188
0 0.920312 0.335938 0.131250 0.350000
0 0.985156 0.324219 0.029687 0.329688
2 0.037500 0.828906 0.075000 0.342187
3 0.088281 0.834375 0.151562 0.331250
8 0.214844 0.836719 0.160938 0.326562
3 0.328906 0.832812 0.132812 0.334375
10 0.384375 0.982031 0.031250 0.035937
3 0.430469 0.831250 0.123438 0.337500
3 0.727344 0.767188 0.120313 0.256250
6 0.858594 0.761719 0.117188 0.245312
10 0.935937 0.863281 0.034375 0.057813
0 0.969531 0.753906 0.060937 0.229687