2 0.175781 0.278125 0.217188 0.381250
8 0.343750 0.270313 0.215625 0.371875
7 0.454688 0.251563 0.090625 0.353125
1 0.534375 0.113281 0.068750 0.226562
2 0.550781 0.108594 0.101562 0.217188
0 0.586719 0.104688 0.173437 0.209375
10 0.678906 0.128906 0.092188 0.139063
8 0.768750 0.108594 0.218750 0.217188
8 0.923438 0.103125 0.153125 0.206250
1 0.236719 0.809375 0.101562 0.240625
7 0.316406 0.805469 0.120313 0.260937
6 0.397656 0.805469 0.120313 0.245312
10 0.453906 0.882812 0.039062 0.065625
0 0.466406 0.785156 0.067187 0.235937
6 0.738281 0.699219 0.201563 0.373437
7 0.908594 0.672656 0.160938 0.354687
10 0.978125 0.844531 0.043750 0.135937