8 0.089844 0.165625 0.179688 0.331250
5 0.094531 0.185156 0.189062 0.370312
10 0.075781 0.325000 0.123438 0.165625
0 0.237500 0.231250 0.325000 0.462500
0 0.351562 0.248438 0.096875 0.496875
7 0.484375 0.253125 0.143750 0.268750
0 0.564844 0.285156 0.142187 0.264062
6 0.651563 0.317969 0.153125 0.270313
7 0.735156 0.344531 0.135937 0.260937
8 0.809375 0.368750 0.143750 0.250000
5 0.113281 0.780469 0.226562 0.242188
0 0.292969 0.795312 0.214062 0.271875
10 0.364063 0.928906 0.040625 0.060937
2 0.463281 0.807031 0.126562 0.295312
2 0.532031 0.829688 0.264062 0.340625
10 0.574219 0.967969 0.048438 0.064062
0 0.764844 0.829688 0.323437 0.340625
0 0.919531 0.829688 0.160938 0.340625