8 0.117188 0.175000 0.234375 0.350000
5 0.349219 0.178906 0.214062 0.342187
1 0.506250 0.077344 0.053125 0.154688
7 0.528906 0.082031 0.098437 0.164062
7 0.619531 0.093750 0.126562 0.187500
10 0.655469 0.113281 0.045312 0.098437
0 0.732031 0.082031 0.132812 0.164062
0 0.867188 0.086719 0.140625 0.173437
1 0.033594 0.567969 0.067187 0.423438
7 0.047656 0.564063 0.095312 0.428125
8 0.146094 0.569531 0.179688 0.439063
10 0.234375 0.725781 0.078125 0.132812
6 0.346875 0.566406 0.184375 0.432812
3 0.688281 0.557031 0.120313 0.351562
0 0.839063 0.557813 0.121875 0.328125
10 0.899219 0.714844 0.017188 0.042188
0 0.966406 0.569531 0.067187 0.335938