3 0.303125 0.101562 0.196875 0.203125
6 0.156250 0.107031 0.206250 0.214062
9 0.419531 0.126562 0.098437 0.253125
10 0.368750 0.182812 0.062500 0.100000
0 0.826562 0.289062 0.200000 0.381250
0 0.940625 0.307812 0.118750 0.334375
5 0.678906 0.260937 0.176563 0.359375
4 0.550781 0.225000 0.164062 0.371875
10 0.738281 0.411719 0.060937 0.089063
3 0.228125 0.598437 0.153125 0.137500
10 0.363281 0.560937 0.051562 0.062500
0 0.330469 0.602344 0.142187 0.145313
0 0.411719 0.603125 0.114062 0.146875
1 0.567187 0.815625 0.121875 0.303125
2 0.514062 0.778906 0.090625 0.320312
4 0.661719 0.832031 0.148438 0.304688
0 0.784375 0.852344 0.150000 0.295312
0 0.898438 0.862500 0.156250 0.275000
10 0.698438 0.960938 0.050000 0.078125