3 0.174219 0.109375 0.151562 0.218750
6 0.053125 0.123438 0.106250 0.246875
9 0.335938 0.125000 0.134375 0.250000
10 0.251563 0.197656 0.046875 0.095312
7 0.487500 0.104688 0.121875 0.209375
3 0.721094 0.465625 0.042188 0.268750
0 0.722656 0.467187 0.045312 0.262500
10 0.710156 0.564063 0.020313 0.093750
0 0.746094 0.462500 0.089063 0.265625
0 0.867188 0.448437 0.081250 0.253125
7 0.370312 0.817187 0.090625 0.253125
0 0.485156 0.845313 0.092188 0.271875
10 0.530469 0.930469 0.039062 0.051562
0 0.597656 0.838281 0.107813 0.267188
0 0.952344 0.696875 0.095312 0.156250
2 0.827344 0.696875 0.120313 0.156250
1 0.732812 0.703906 0.065625 0.170313
1 0.725781 0.703906 0.051562 0.170313