2 0.041406 0.425781 0.082812 0.267188
1 0.072656 0.396094 0.110937 0.310937
2 0.173437 0.369531 0.171875 0.314063
10 0.267188 0.487500 0.028125 0.037500
0 0.314844 0.344531 0.167187 0.310937
1 0.474219 0.296875 0.110937 0.290625
5 0.714063 0.243750 0.246875 0.415625
8 0.873437 0.199219 0.228125 0.398438
10 0.968750 0.330469 0.062500 0.129688
7 0.968750 0.182031 0.062500 0.364063
1 0.062500 0.729688 0.125000 0.340625
2 0.154688 0.720313 0.218750 0.321875
5 0.303906 0.714063 0.226562 0.309375
10 0.402344 0.785156 0.089063 0.120313
0 0.436719 0.701562 0.185938 0.284375
5 0.561719 0.901563 0.064062 0.196875
0 0.596875 0.885156 0.134375 0.229687
10 0.665625 0.993750 0.021875 0.012500
0 0.698438 0.868750 0.150000 0.262500
0 0.853906 0.839063 0.092188 0.256250