1 0.320312 0.258594 0.118750 0.264062
1 0.435937 0.253906 0.115625 0.279687
5 0.520312 0.236719 0.128125 0.285938
10 0.585156 0.331250 0.064062 0.106250
0 0.631250 0.226562 0.143750 0.275000
0 0.706250 0.221094 0.087500 0.279687
7 0.796094 0.329688 0.092188 0.240625
0 0.896094 0.321875 0.123438 0.256250
10 0.966406 0.421094 0.023438 0.042188
0 0.973437 0.310937 0.053125 0.268750
4 0.212500 0.865625 0.121875 0.231250
6 0.290625 0.851562 0.115625 0.250000
10 0.347656 0.931250 0.039062 0.059375
0 0.381250 0.841406 0.109375 0.229687
0 0.466406 0.832031 0.110937 0.195312
4 0.782031 0.859375 0.064062 0.250000
5 0.780469 0.845313 0.060937 0.250000
10 0.760938 0.950000 0.021875 0.068750
0 0.782813 0.837500 0.065625 0.293750
1 0.776563 0.824219 0.053125 0.254688