1 0.026562 0.361719 0.053125 0.264062
1 0.082812 0.375000 0.103125 0.268750
5 0.167187 0.374219 0.115625 0.270313
10 0.207031 0.472656 0.057813 0.073438
0 0.278125 0.384375 0.131250 0.250000
0 0.385937 0.392188 0.140625 0.234375
1 0.660156 0.164062 0.042188 0.328125
9 0.675000 0.162500 0.071875 0.325000
8 0.754687 0.176563 0.150000 0.325000
10 0.803125 0.316406 0.037500 0.057813
0 0.907813 0.189062 0.162500 0.340625
3 0.985938 0.228906 0.028125 0.404687
2 0.282031 0.596875 0.154688 0.175000
1 0.420312 0.588281 0.134375 0.157812
5 0.528125 0.594531 0.150000 0.170313
10 0.570312 0.536719 0.050000 0.054688
0 0.604688 0.593750 0.068750 0.168750
6 0.957812 0.666406 0.084375 0.185938