1 0.171875 0.200000 0.156250 0.400000
7 0.321875 0.230469 0.184375 0.398438
3 0.493750 0.294531 0.206250 0.429688
10 0.529687 0.468750 0.075000 0.090625
0 0.593750 0.335938 0.071875 0.403125
1 0.680469 0.153906 0.101562 0.307812
1 0.742969 0.167969 0.198437 0.335938
7 0.875000 0.199219 0.184375 0.398438
0 0.965625 0.219531 0.068750 0.370312
10 0.914844 0.341406 0.089063 0.110937
5 0.142969 0.866406 0.267188 0.267188
0 0.342187 0.890625 0.275000 0.218750
0 0.522656 0.917969 0.214062 0.164062
8 0.653125 0.716406 0.046875 0.095312
8 0.682813 0.719531 0.096875 0.101562
10 0.715625 0.750000 0.021875 0.025000
1 0.790625 0.720313 0.068750 0.103125
4 0.856250 0.733594 0.093750 0.129688