0 0.053125 0.303125 0.106250 0.171875
7 0.081250 0.284375 0.162500 0.209375
0 0.233594 0.271875 0.217188 0.234375
5 0.460938 0.124219 0.143750 0.248438
2 0.548438 0.114062 0.246875 0.228125
10 0.666406 0.098437 0.104688 0.153125
0 0.732031 0.105469 0.270313 0.210938
0 0.889062 0.110937 0.221875 0.221875
5 0.043750 0.561719 0.087500 0.326562
7 0.114844 0.534375 0.145313 0.290625
10 0.181250 0.634375 0.031250 0.050000
9 0.228906 0.524219 0.160938 0.270313
2 0.327344 0.503906 0.123438 0.229687
6 0.487500 0.753125 0.137500 0.234375
7 0.578906 0.724219 0.123438 0.220312
10 0.632812 0.800000 0.043750 0.078125
0 0.658594 0.714063 0.123438 0.209375
0 0.738281 0.707812 0.129688 0.237500