1 0.016406 0.300781 0.032813 0.389062
0 0.035156 0.295312 0.070312 0.368750
7 0.027344 0.283594 0.054688 0.370312
10 0.008594 0.433594 0.017188 0.039062
0 0.099219 0.284375 0.145313 0.362500
1 0.310937 0.273438 0.037500 0.359375
5 0.627344 0.332813 0.117188 0.340625
8 0.775000 0.321875 0.125000 0.318750
10 0.847656 0.442969 0.032813 0.048438
9 0.926562 0.298438 0.112500 0.325000
2 0.307812 0.621875 0.043750 0.125000
4 0.475000 0.688281 0.137500 0.257812
7 0.665625 0.685156 0.112500 0.251563
10 0.735938 0.810156 0.028125 0.039062
6 0.824219 0.682813 0.142187 0.246875
0 0.969531 0.682813 0.060937 0.246875