0 0.281250 0.067969 0.153125 0.135937
2 0.389062 0.061719 0.128125 0.123438
10 0.453125 0.071875 0.065625 0.096875
0 0.506250 0.072656 0.159375 0.145313
6 0.775781 0.072656 0.114062 0.145313
6 0.863281 0.073438 0.132812 0.146875
10 0.909375 0.104688 0.031250 0.040625
0 0.945312 0.050781 0.109375 0.101562
8 0.245312 0.610938 0.137500 0.143750
5 0.354687 0.609375 0.134375 0.140625
10 0.426563 0.550781 0.025000 0.023438
0 0.469531 0.601562 0.132812 0.125000
4 0.551562 0.605469 0.075000 0.132812
1 0.613281 0.900000 0.048438 0.200000
2 0.627344 0.888281 0.076563 0.223438
6 0.710938 0.884375 0.159375 0.231250
0 0.860156 0.878906 0.164062 0.242188
0 0.957031 0.871094 0.085938 0.257812