0 0.361719 0.236719 0.076563 0.245312
1 0.516406 0.525781 0.082812 0.085938
0 0.596875 0.522656 0.115625 0.092188
2 0.695312 0.520312 0.115625 0.096875
5 0.792969 0.533594 0.110937 0.070312
0 0.883594 0.538281 0.104688 0.060937
3 0.100781 0.860938 0.114062 0.278125
0 0.232031 0.863281 0.123438 0.273438
0 0.358594 0.862500 0.082812 0.275000
10 0.281250 0.985156 0.025000 0.029687
4 0.566406 0.650781 0.160938 0.164062
7 0.705469 0.655469 0.132812 0.173437
10 0.753906 0.604688 0.067187 0.071875
0 0.836719 0.659375 0.151562 0.181250
0 0.951562 0.652344 0.096875 0.167187