6 0.093750 0.191406 0.187500 0.382812
0 0.296094 0.173437 0.232813 0.346875
10 0.404687 0.283594 0.071875 0.120313
9 0.489844 0.167969 0.179688 0.335938
7 0.608594 0.163281 0.057813 0.235937
7 0.674219 0.161719 0.092188 0.226562
10 0.707812 0.229687 0.037500 0.081250
0 0.758594 0.160156 0.095312 0.226562
2 0.839844 0.146875 0.098437 0.212500
3 0.246875 0.909375 0.115625 0.181250
3 0.355469 0.893750 0.110937 0.212500
0 0.475000 0.889844 0.121875 0.220312
5 0.713281 0.848437 0.192188 0.303125
3 0.932031 0.835938 0.135937 0.328125