6 0.078125 0.140625 0.156250 0.281250
0 0.087500 0.129688 0.175000 0.259375
10 0.079687 0.189844 0.084375 0.126562
9 0.254688 0.146875 0.306250 0.293750
3 0.640625 0.301563 0.206250 0.362500
6 0.530469 0.296094 0.142187 0.385937
9 0.798438 0.332813 0.200000 0.403125
10 0.689844 0.457813 0.064062 0.103125
7 0.930469 0.328125 0.139063 0.371875
4 0.072656 0.870313 0.120313 0.246875
6 0.178125 0.882031 0.121875 0.235937
10 0.211719 0.980469 0.048438 0.039062
6 0.290625 0.885938 0.150000 0.228125
1 0.414844 0.900781 0.089063 0.198437
4 0.967969 0.767188 0.064062 0.334375
2 0.880469 0.750781 0.210938 0.301563