1 0.188281 0.205469 0.092188 0.239063
3 0.277344 0.205469 0.117188 0.289062
8 0.376563 0.200000 0.109375 0.290625
10 0.424219 0.277344 0.029687 0.073438
0 0.476562 0.189062 0.106250 0.275000
4 0.643750 0.043750 0.093750 0.087500
6 0.722656 0.043750 0.073438 0.087500
10 0.757031 0.028906 0.026562 0.048438
0 0.795312 0.045312 0.071875 0.090625
0 0.876563 0.043750 0.075000 0.087500
9 0.329688 0.914844 0.081250 0.170313
5 0.410156 0.917969 0.067187 0.164062
0 0.487500 0.917188 0.084375 0.165625
10 0.449219 0.985156 0.029687 0.029687
2 0.914062 0.557031 0.084375 0.095312
0 0.975781 0.556250 0.048438 0.093750