1 0.031250 0.385156 0.062500 0.207813
3 0.104688 0.371875 0.125000 0.234375
8 0.202344 0.366406 0.114062 0.245312
10 0.255469 0.459375 0.029687 0.059375
0 0.307031 0.363281 0.117188 0.251563
1 0.422656 0.360938 0.098437 0.253125
2 0.775000 0.332031 0.146875 0.314063
1 0.917969 0.344531 0.126562 0.289062
5 0.978125 0.336719 0.043750 0.304688
4 0.156250 0.538281 0.090625 0.098437
4 0.243750 0.537500 0.100000 0.096875
10 0.275781 0.526563 0.032813 0.065625
0 0.325781 0.542969 0.098437 0.107813
1 0.423438 0.533594 0.068750 0.089063
6 0.706250 0.606250 0.075000 0.234375
8 0.705469 0.595313 0.073438 0.212500
10 0.676562 0.677344 0.015625 0.051562
7 0.720313 0.582812 0.103125 0.187500
2 0.865625 0.589063 0.159375 0.200000