1 0.184375 0.126562 0.068750 0.253125
9 0.305469 0.128125 0.154688 0.256250
6 0.458594 0.109375 0.142187 0.218750
10 0.546875 0.196875 0.021875 0.040625
0 0.593750 0.112500 0.112500 0.225000
2 0.751563 0.396875 0.203125 0.243750
1 0.978906 0.384375 0.042188 0.268750
5 0.227344 0.754687 0.148438 0.296875
4 0.344531 0.728125 0.129688 0.271875
10 0.404687 0.827344 0.037500 0.067187
0 0.457813 0.718750 0.125000 0.281250
0 0.564063 0.687500 0.137500 0.268750
9 0.828125 0.745313 0.259375 0.453125
5 0.960938 0.745313 0.078125 0.453125