9 0.221875 0.189844 0.162500 0.298438
1 0.392188 0.174219 0.087500 0.329688
10 0.446875 0.301563 0.034375 0.062500
6 0.492969 0.162500 0.132812 0.325000
0 0.594531 0.192969 0.070312 0.292187
0 0.634375 0.194531 0.150000 0.289062
1 0.753125 0.198437 0.159375 0.281250
3 0.838281 0.178906 0.198437 0.320312
6 0.914062 0.169531 0.171875 0.339062
4 0.240625 0.502344 0.187500 0.326562
9 0.393750 0.493750 0.187500 0.309375
10 0.477344 0.568750 0.048438 0.093750
2 0.504687 0.502344 0.109375 0.326562
5 0.852344 0.546875 0.192188 0.362500
6 0.958594 0.555469 0.082812 0.379688