5 0.059375 0.204687 0.118750 0.325000
3 0.204687 0.223438 0.128125 0.343750
10 0.264062 0.376563 0.056250 0.071875
0 0.350000 0.239844 0.150000 0.326562
0 0.444531 0.255469 0.048438 0.342187
5 0.510156 0.328906 0.082812 0.395313
3 0.512500 0.346875 0.087500 0.359375
7 0.619531 0.350781 0.126562 0.345313
1 0.740625 0.373437 0.093750 0.296875
10 0.767188 0.502344 0.031250 0.076563
6 0.831250 0.379688 0.112500 0.337500
10 0.042188 0.878906 0.084375 0.242188
0 0.139063 0.887500 0.184375 0.225000
0 0.318750 0.894531 0.196875 0.210938
4 0.053125 0.859375 0.106250 0.281250
3 0.517188 0.778125 0.096875 0.256250
6 0.513281 0.769531 0.089063 0.239063
10 0.493750 0.735156 0.050000 0.114062
0 0.618750 0.771094 0.196875 0.242188
0 0.840625 0.761719 0.206250 0.223438