5 0.238281 0.244531 0.160938 0.332813
0 0.901563 0.224219 0.181250 0.335938
0 0.971875 0.245312 0.056250 0.321875
4 0.768750 0.213281 0.175000 0.332813
6 0.637500 0.188281 0.178125 0.329688
2 0.509375 0.176563 0.171875 0.321875
10 0.807031 0.330469 0.057813 0.089063
7 0.038281 0.796094 0.076563 0.298438
4 0.039062 0.828125 0.078125 0.300000
4 0.035156 0.867969 0.070312 0.264062
10 0.012500 0.980469 0.025000 0.039062
9 0.039062 0.849219 0.078125 0.301563
2 0.071875 0.878906 0.143750 0.242188
0 0.807031 0.738281 0.089063 0.182812
6 0.687500 0.696875 0.084375 0.156250
1 0.751563 0.721875 0.065625 0.156250
1 0.881250 0.753125 0.075000 0.153125
10 0.763281 0.784375 0.023438 0.046875