1 0.032813 0.263281 0.065625 0.373437
0 0.042188 0.270313 0.084375 0.359375
6 0.077344 0.259375 0.154688 0.381250
10 0.168750 0.407031 0.071875 0.085938
0 0.247656 0.259375 0.104688 0.381250
1 0.436719 0.313281 0.079687 0.273438
4 0.553906 0.306250 0.135937 0.287500
8 0.715625 0.292969 0.159375 0.314063
10 0.793750 0.425000 0.043750 0.050000
0 0.873437 0.288281 0.146875 0.323437
0 0.976562 0.289062 0.046875 0.321875
4 0.068750 0.567187 0.137500 0.234375
1 0.282031 0.558594 0.035937 0.217188
6 0.381250 0.616406 0.125000 0.332813
2 0.544531 0.607812 0.132812 0.315625
10 0.623437 0.741406 0.053125 0.092188
0 0.708594 0.625781 0.154688 0.351562
0 0.856250 0.607031 0.146875 0.314063