6 0.038281 0.093750 0.076563 0.187500
3 0.107813 0.092188 0.153125 0.184375
10 0.165625 0.051562 0.056250 0.103125
0 0.257812 0.090625 0.143750 0.181250
0 0.377344 0.102344 0.082812 0.204687
6 0.139063 0.692187 0.150000 0.325000
3 0.275781 0.709375 0.107813 0.318750
10 0.321094 0.821094 0.067187 0.120313
0 0.381250 0.697656 0.075000 0.304688
2 0.477344 0.618750 0.117188 0.328125
2 0.532031 0.632031 0.126562 0.379688
2 0.653125 0.650781 0.146875 0.401562
10 0.725000 0.790625 0.062500 0.118750
6 0.827344 0.660937 0.167187 0.390625
0 0.944531 0.665625 0.110937 0.421875