6 0.244531 0.414062 0.195312 0.309375
3 0.407031 0.400000 0.192188 0.337500
10 0.489063 0.526563 0.068750 0.084375
0 0.502344 0.394531 0.073438 0.348438
2 0.595313 0.152344 0.112500 0.298438
3 0.707812 0.142969 0.162500 0.285938
0 0.814063 0.140625 0.146875 0.281250
10 0.889844 0.221875 0.054688 0.093750
0 0.927344 0.125000 0.145313 0.250000
0 0.172656 0.861719 0.239063 0.276562
8 0.355469 0.849219 0.223438 0.301563
0 0.487500 0.840625 0.103125 0.318750
6 0.593750 0.796094 0.106250 0.217188
0 0.689844 0.796875 0.082812 0.190625
10 0.741406 0.871875 0.026562 0.065625
0 0.779687 0.789844 0.109375 0.189062