7 0.055469 0.250000 0.110937 0.500000
7 0.050781 0.256250 0.101562 0.512500
10 0.021875 0.456250 0.043750 0.140625
0 0.109375 0.267969 0.218750 0.535937
4 0.692187 0.348438 0.178125 0.346875
3 0.842969 0.355469 0.135937 0.354687
10 0.900000 0.485938 0.056250 0.106250
7 0.964063 0.359375 0.071875 0.365625
2 0.052344 0.850000 0.104688 0.300000
8 0.043750 0.850000 0.087500 0.300000
0 0.075781 0.850000 0.151562 0.300000
0 0.216406 0.850000 0.160938 0.300000
0 0.330469 0.864062 0.057813 0.271875
1 0.554688 0.817969 0.037500 0.235937
3 0.657813 0.830469 0.093750 0.260937
9 0.782031 0.835156 0.110937 0.270313
10 0.838281 0.948438 0.020313 0.043750
5 0.911719 0.849219 0.095312 0.273438