7 0.082812 0.225000 0.165625 0.450000
7 0.274219 0.234375 0.217188 0.431250
10 0.359375 0.435156 0.090625 0.029687
0 0.488281 0.227344 0.245312 0.445312
5 0.705469 0.207813 0.110937 0.415625
0 0.706250 0.198437 0.112500 0.396875
10 0.746094 0.371094 0.076563 0.142187
0 0.878125 0.213281 0.234375 0.426563
4 0.321094 0.574219 0.089063 0.242188
2 0.427344 0.577344 0.089063 0.245312
10 0.467187 0.689063 0.043750 0.071875
0 0.539062 0.583594 0.100000 0.251563
3 0.627344 0.578125 0.045312 0.215625
10 0.669531 0.650000 0.039062 0.112500
10 0.692187 0.568750 0.084375 0.237500
0 0.696094 0.563281 0.092188 0.226562
0 0.754687 0.568750 0.196875 0.237500
4 0.703125 0.575000 0.106250 0.250000