4 0.146094 0.257031 0.260937 0.404687
0 0.285156 0.264844 0.148438 0.389062
10 0.712500 0.413281 0.075000 0.092188
7 0.839844 0.267969 0.189062 0.382812
0 0.659375 0.245312 0.212500 0.384375
9 0.502344 0.234375 0.220312 0.418750
5 0.412500 0.208594 0.106250 0.417187
5 0.296094 0.560937 0.126562 0.203125
4 0.176563 0.551562 0.184375 0.184375
6 0.418750 0.575781 0.118750 0.232813
7 0.552344 0.578125 0.151562 0.237500
10 0.607031 0.712500 0.082812 0.134375
0 0.712500 0.594531 0.193750 0.270313
2 0.857812 0.598437 0.187500 0.278125