6 0.041406 0.321094 0.082812 0.257812
6 0.145313 0.328906 0.153125 0.242188
0 0.330469 0.344531 0.179688 0.210938
1 0.548438 0.335156 0.093750 0.229687
8 0.637500 0.278125 0.075000 0.340625
4 0.638281 0.271875 0.076563 0.309375
0 0.739844 0.307031 0.157812 0.285938
1 0.871094 0.312500 0.098437 0.275000
10 0.654687 0.405469 0.056250 0.089063
7 0.296094 0.634375 0.117188 0.331250
9 0.432031 0.642969 0.123438 0.298438
0 0.550781 0.666406 0.098437 0.310937
10 0.483594 0.774219 0.032813 0.045312
4 0.626563 0.571094 0.053125 0.226562
6 0.625000 0.574219 0.050000 0.245312
10 0.628906 0.663281 0.035937 0.057813
0 0.679688 0.583594 0.096875 0.226562
0 0.764844 0.591406 0.098437 0.192188