5 0.050000 0.165625 0.100000 0.331250
2 0.235937 0.136719 0.203125 0.273438
10 0.362500 0.231250 0.040625 0.062500
0 0.459375 0.118750 0.181250 0.237500
4 0.671875 0.374219 0.175000 0.357812
6 0.809375 0.355469 0.156250 0.370312
10 0.888281 0.488281 0.070312 0.098437
0 0.934375 0.337500 0.131250 0.356250
7 0.316406 0.692187 0.176563 0.184375
3 0.446875 0.683594 0.146875 0.167187
10 0.513281 0.632031 0.073438 0.064062
2 0.620313 0.793750 0.140625 0.387500
0 0.807813 0.778906 0.178125 0.357812
3 0.966406 0.766406 0.067187 0.332813