5 0.068750 0.200000 0.137500 0.400000
2 0.101562 0.200000 0.203125 0.400000
10 0.121094 0.385937 0.048438 0.028125
0 0.247656 0.200000 0.164062 0.400000
2 0.378125 0.224219 0.096875 0.332813
7 0.452344 0.246094 0.148438 0.301563
3 0.545312 0.264844 0.162500 0.270313
7 0.643750 0.275781 0.140625 0.248438
2 0.724219 0.290625 0.154688 0.218750
2 0.285938 0.828906 0.087500 0.245312
2 0.489063 0.771094 0.171875 0.301563
1 0.671094 0.807031 0.114062 0.310937
2 0.773438 0.827344 0.175000 0.314063
10 0.803125 0.974219 0.028125 0.039062
0 0.908594 0.854688 0.170313 0.290625