3 0.048438 0.113281 0.096875 0.226562
8 0.184375 0.104688 0.131250 0.209375
0 0.316406 0.110937 0.126562 0.221875
1 0.658594 0.123438 0.057813 0.246875
4 0.756250 0.122656 0.118750 0.245312
2 0.889844 0.117188 0.117188 0.234375
10 0.963281 0.210156 0.029687 0.054688
0 0.984375 0.119531 0.031250 0.239063
5 0.060937 0.683594 0.121875 0.348438
3 0.207031 0.686719 0.204687 0.354687
10 0.312500 0.775000 0.071875 0.115625
0 0.342187 0.672656 0.075000 0.326562
6 0.686719 0.626563 0.157812 0.234375
4 0.813281 0.625000 0.126562 0.231250
0 0.930469 0.614844 0.129688 0.210938
10 0.879687 0.687500 0.053125 0.100000