6 0.026562 0.207031 0.053125 0.301563
8 0.024219 0.207813 0.048438 0.306250
0 0.135937 0.202344 0.103125 0.292187
1 0.317188 0.207813 0.050000 0.312500
10 0.047656 0.338281 0.020313 0.042188
1 0.571875 0.201563 0.093750 0.325000
0 0.679688 0.214844 0.134375 0.389062
0 0.962500 0.237500 0.075000 0.393750
1 0.859375 0.231250 0.096875 0.353125
6 0.200000 0.780469 0.078125 0.123438
9 0.314063 0.774219 0.062500 0.110937
10 0.357812 0.725781 0.015625 0.014063
2 0.428906 0.774219 0.039062 0.110937
1 0.528125 0.778125 0.043750 0.118750
5 0.607031 0.776563 0.064062 0.115625
10 0.653125 0.728125 0.018750 0.018750
0 0.712500 0.773438 0.078125 0.109375