6 0.375000 0.184375 0.143750 0.090625
8 0.528906 0.189844 0.132812 0.079687
6 0.643750 0.079687 0.068750 0.159375
3 0.652344 0.075781 0.085938 0.151562
2 0.720313 0.071094 0.121875 0.142187
4 0.819531 0.069531 0.129688 0.139063
10 0.836719 0.012500 0.026562 0.025000
10 0.915625 0.075781 0.134375 0.151562
6 0.160938 0.525781 0.137500 0.326562
0 0.292969 0.542969 0.154688 0.342187
10 0.341406 0.664062 0.039062 0.059375
0 0.436719 0.553125 0.160938 0.321875
2 0.553125 0.557031 0.112500 0.314063
4 0.846875 0.494531 0.168750 0.367188
7 0.982031 0.508594 0.035937 0.370312