8 0.145313 0.337500 0.171875 0.143750
1 0.289844 0.327344 0.110937 0.164062
0 0.397656 0.321094 0.142187 0.176563
0 0.513281 0.318750 0.142187 0.181250
6 0.291406 0.757812 0.104688 0.212500
6 0.371094 0.747656 0.095312 0.210938
10 0.421094 0.817187 0.032813 0.059375
0 0.464062 0.740625 0.096875 0.200000
0 0.552344 0.717969 0.098437 0.192188
7 0.749219 0.713281 0.079687 0.404687
1 0.728125 0.686719 0.037500 0.382812
10 0.717969 0.846094 0.017188 0.057813
0 0.771875 0.657031 0.125000 0.382812
2 0.911719 0.635156 0.176563 0.410938