8 0.077344 0.190625 0.117188 0.221875
1 0.194531 0.183594 0.070312 0.226562
10 0.222656 0.275781 0.035937 0.089063
0 0.281250 0.182031 0.090625 0.223438
0 0.374219 0.186719 0.092188 0.223438
8 0.603906 0.112500 0.120313 0.225000
0 0.722656 0.114844 0.098437 0.229687
10 0.779687 0.169531 0.040625 0.079687
0 0.847656 0.093750 0.107813 0.187500
0 0.956250 0.100000 0.087500 0.200000
6 0.028906 0.814063 0.057813 0.278125
8 0.042969 0.809375 0.085938 0.309375
10 0.085156 0.925000 0.045312 0.084375
0 0.157031 0.823438 0.123438 0.293750
0 0.269531 0.813281 0.098437 0.270313
3 0.450781 0.657813 0.042188 0.284375
3 0.514062 0.654687 0.100000 0.284375
4 0.606250 0.647656 0.087500 0.267188
7 0.698438 0.644531 0.071875 0.257812
10 0.740625 0.774219 0.018750 0.045312
0 0.788281 0.653125 0.085938 0.259375