2 0.067187 0.228125 0.134375 0.456250
2 0.301563 0.217969 0.184375 0.435937
10 0.409375 0.389844 0.034375 0.060937
0 0.528125 0.213281 0.143750 0.426563
0 0.661719 0.212500 0.114062 0.425000
0 0.761719 0.230469 0.107813 0.460938
1 0.898438 0.229687 0.087500 0.437500
3 0.961719 0.244531 0.076563 0.489063
5 0.282813 0.589844 0.112500 0.201563
7 0.425781 0.582031 0.085938 0.185938
10 0.463281 0.642188 0.023438 0.046875
9 0.543750 0.581250 0.100000 0.184375
6 0.824219 0.667188 0.110937 0.318750
0 0.946094 0.673438 0.107813 0.331250