5 0.048438 0.219531 0.096875 0.320312
6 0.141406 0.254688 0.192188 0.250000
0 0.260937 0.271094 0.137500 0.217188
2 0.425000 0.127344 0.125000 0.235937
1 0.557813 0.163281 0.093750 0.245312
5 0.632812 0.185156 0.112500 0.242188
10 0.657813 0.292969 0.028125 0.042188
0 0.734375 0.220312 0.125000 0.234375
3 0.167187 0.807031 0.193750 0.360938
1 0.269531 0.832812 0.120313 0.321875
2 0.306250 0.842187 0.046875 0.315625
0 0.610156 0.575000 0.157812 0.262500
2 0.719531 0.590625 0.132812 0.253125
10 0.746875 0.699219 0.065625 0.098437
0 0.828906 0.634375 0.164062 0.296875
0 0.932031 0.637500 0.135937 0.275000