5 0.220312 0.112500 0.131250 0.225000
6 0.375000 0.139844 0.125000 0.279687
10 0.447656 0.195312 0.023438 0.043750
0 0.482031 0.138281 0.035937 0.276562
8 0.642969 0.078125 0.089063 0.156250
5 0.754687 0.071875 0.087500 0.143750
10 0.811719 0.126562 0.020313 0.043750
0 0.868750 0.067969 0.090625 0.135937
4 0.967969 0.072656 0.064062 0.145313
6 0.043750 0.566406 0.087500 0.214062
2 0.170313 0.561719 0.103125 0.204687
10 0.235156 0.653906 0.023438 0.051562
0 0.317969 0.569531 0.117188 0.220312
0 0.446094 0.565625 0.107813 0.212500
2 0.536719 0.600781 0.073438 0.282813
0 0.564063 0.596094 0.128125 0.273438
0 0.692187 0.595313 0.140625 0.271875
10 0.767969 0.703906 0.057813 0.110937
0 0.850781 0.603125 0.154688 0.287500
0 0.964844 0.592187 0.070312 0.265625