6 0.060937 0.221094 0.121875 0.376563
7 0.200781 0.225000 0.120313 0.362500
10 0.252344 0.352344 0.032813 0.064062
9 0.330469 0.233594 0.135937 0.351562
8 0.476562 0.235156 0.168750 0.348438
1 0.651563 0.342187 0.025000 0.134375
0 0.672656 0.340625 0.067187 0.137500
1 0.796094 0.333594 0.089063 0.151562
2 0.283594 0.625000 0.073438 0.146875
7 0.337500 0.626563 0.046875 0.125000
10 0.353906 0.671875 0.014063 0.037500
0 0.381250 0.632812 0.056250 0.125000
0 0.432812 0.630469 0.046875 0.110937
6 0.671875 0.735938 0.065625 0.253125
9 0.771094 0.732812 0.076563 0.228125
10 0.816406 0.832031 0.017188 0.029687
9 0.878125 0.730469 0.084375 0.226562
8 0.966406 0.721094 0.067187 0.214062