0 0.241406 0.291406 0.148438 0.345313
8 0.379688 0.307031 0.137500 0.342187
10 0.436719 0.400000 0.060937 0.137500
5 0.488281 0.300000 0.082812 0.362500
2 0.552344 0.083594 0.045312 0.167187
9 0.549219 0.075781 0.039062 0.151562
0 0.624219 0.076563 0.079687 0.153125
0 0.708594 0.082031 0.092188 0.164062
10 0.573438 0.135156 0.025000 0.076563
2 0.026562 0.656250 0.053125 0.193750
0 0.029687 0.653125 0.059375 0.187500
8 0.141406 0.651563 0.123438 0.184375
10 0.210938 0.698438 0.031250 0.053125
0 0.299219 0.645312 0.117188 0.171875
0 0.463281 0.638281 0.129688 0.157812
1 0.584375 0.682031 0.096875 0.245312
10 0.844531 0.787500 0.045312 0.078125
0 0.983594 0.672656 0.032813 0.226562
0 0.915625 0.691406 0.112500 0.264062
0 0.800781 0.691406 0.135937 0.264062
0 0.682813 0.685156 0.109375 0.251563