5 0.044531 0.103906 0.089063 0.207813
2 0.057813 0.093750 0.115625 0.187500
10 0.113281 0.142187 0.076563 0.109375
0 0.204687 0.093750 0.159375 0.187500
0 0.315625 0.099219 0.068750 0.198437
3 0.465625 0.087500 0.112500 0.175000
0 0.599219 0.083594 0.123438 0.167187
1 0.750000 0.071094 0.071875 0.142187
10 0.786719 0.109375 0.045312 0.112500
8 0.866406 0.082031 0.123438 0.164062
2 0.048438 0.737500 0.096875 0.456250
0 0.054688 0.754687 0.109375 0.450000
8 0.225000 0.757031 0.143750 0.401562
10 0.289062 0.946094 0.071875 0.107813
1 0.428906 0.596094 0.048438 0.214062
1 0.552344 0.600781 0.042188 0.223438
9 0.650000 0.607031 0.090625 0.235937
0 0.771875 0.610938 0.103125 0.243750
2 0.903125 0.614844 0.109375 0.251563
10 0.696094 0.707031 0.026562 0.045312