5 0.062500 0.298438 0.125000 0.381250
2 0.051562 0.330469 0.103125 0.317188
0 0.061719 0.345313 0.123438 0.287500
0 0.171875 0.355469 0.237500 0.267188
5 0.531250 0.366406 0.171875 0.245312
3 0.642188 0.382031 0.156250 0.214062
4 0.763281 0.385156 0.182812 0.207813
9 0.889062 0.395313 0.184375 0.187500
4 0.331250 0.592187 0.137500 0.206250
6 0.225000 0.577344 0.190625 0.176563
2 0.098437 0.570312 0.181250 0.162500
10 0.377344 0.644531 0.045312 0.089063
3 0.482812 0.853906 0.165625 0.292187
6 0.599219 0.872656 0.192188 0.254688
3 0.746094 0.878906 0.189062 0.242188
9 0.889062 0.892188 0.200000 0.215625