4 0.254688 0.067969 0.165625 0.135937
5 0.378906 0.075000 0.120313 0.150000
10 0.414062 0.068750 0.050000 0.103125
7 0.508594 0.142969 0.139063 0.285938
7 0.546094 0.135937 0.214062 0.271875
10 0.575000 0.154688 0.106250 0.150000
0 0.727344 0.145313 0.304688 0.290625
0 0.027344 0.465625 0.054688 0.212500
0 0.053906 0.477344 0.107813 0.235937
3 0.147656 0.500781 0.114062 0.248438
7 0.242969 0.521875 0.092188 0.221875
9 0.327344 0.554688 0.104688 0.228125
5 0.403125 0.575781 0.071875 0.235937
10 0.432812 0.680469 0.012500 0.032813
2 0.496094 0.706250 0.114062 0.456250
1 0.623437 0.732812 0.200000 0.406250
7 0.764062 0.767969 0.200000 0.410938
10 0.800781 0.929688 0.067187 0.118750
0 0.908594 0.787500 0.182812 0.425000