4 0.326562 0.167969 0.128125 0.260937
5 0.446094 0.152344 0.067187 0.292187
1 0.497656 0.153906 0.035937 0.307812
4 0.512500 0.139844 0.065625 0.279687
8 0.632031 0.140625 0.154688 0.281250
10 0.702344 0.258594 0.042188 0.101562
0 0.789062 0.139844 0.140625 0.279687
0 0.935937 0.139844 0.128125 0.279687
10 0.222656 0.918750 0.042188 0.065625
6 0.162500 0.831250 0.093750 0.240625
4 0.064844 0.837500 0.095312 0.200000
0 0.282813 0.821094 0.106250 0.235937
0 0.395313 0.808594 0.106250 0.257812
0 0.675781 0.514062 0.148438 0.168750
1 0.557813 0.512500 0.096875 0.165625
1 0.848437 0.507031 0.090625 0.154688
0 0.947656 0.517969 0.104688 0.176563