5 0.069531 0.121875 0.139063 0.243750
9 0.085156 0.107813 0.170313 0.215625
10 0.168750 0.117969 0.084375 0.123438
0 0.242188 0.112500 0.228125 0.225000
3 0.610938 0.076563 0.140625 0.153125
6 0.741406 0.074219 0.135937 0.148438
10 0.824219 0.045312 0.039062 0.059375
0 0.892188 0.073438 0.159375 0.146875
2 0.034375 0.809375 0.068750 0.303125
2 0.053125 0.800781 0.106250 0.317188
2 0.244531 0.768750 0.135937 0.275000
8 0.138281 0.789062 0.145313 0.281250
7 0.340625 0.750000 0.118750 0.284375
10 0.201563 0.876563 0.056250 0.075000
6 0.693750 0.644531 0.190625 0.364063
8 0.842187 0.619531 0.181250 0.398438
10 0.917969 0.753125 0.070312 0.112500
0 0.945312 0.614844 0.109375 0.385937