1 0.028125 0.264062 0.056250 0.309375
7 0.058594 0.278125 0.117188 0.328125
7 0.157812 0.292969 0.131250 0.345313
10 0.203906 0.388281 0.045312 0.098437
0 0.271875 0.289062 0.137500 0.293750
0 0.381250 0.273438 0.096875 0.325000
4 0.784375 0.289062 0.187500 0.368750
4 0.930469 0.289844 0.139063 0.351562
10 0.986719 0.430469 0.026562 0.098437
2 0.028125 0.730469 0.056250 0.298438
2 0.030469 0.730469 0.060937 0.301563
6 0.046094 0.725781 0.092188 0.292187
10 0.110937 0.836719 0.021875 0.035937
0 0.178906 0.721875 0.117188 0.284375
0 0.332813 0.724219 0.131250 0.289062
6 0.476562 0.651563 0.093750 0.143750
6 0.586719 0.659375 0.157812 0.159375
10 0.656250 0.606250 0.031250 0.053125
5 0.720313 0.655469 0.131250 0.151562
4 0.851562 0.656250 0.137500 0.153125