4 0.048438 0.146094 0.096875 0.292187
1 0.128125 0.132031 0.121875 0.264062
5 0.236719 0.152344 0.160938 0.304688
10 0.298438 0.257812 0.053125 0.084375
0 0.396875 0.154688 0.165625 0.309375
0 0.532813 0.163281 0.134375 0.326562
0 0.623437 0.148438 0.046875 0.218750
0 0.621094 0.155469 0.042188 0.210938
2 0.619531 0.161719 0.039062 0.210938
5 0.618750 0.164844 0.037500 0.204687
9 0.681250 0.164844 0.071875 0.195312
0 0.752344 0.171094 0.076563 0.195312
4 0.832031 0.174219 0.067187 0.185938
10 0.782031 0.254688 0.010937 0.025000
4 0.032813 0.960938 0.065625 0.078125
6 0.125781 0.964844 0.098437 0.070312
6 0.239063 0.964844 0.125000 0.070312
1 0.392188 0.971875 0.109375 0.056250
5 0.817969 0.714063 0.123438 0.128125
8 0.930469 0.714844 0.107813 0.129688
10 0.971875 0.712500 0.034375 0.053125