6 0.107813 0.132031 0.215625 0.264062
1 0.257031 0.163281 0.160938 0.326562
10 0.266406 0.291406 0.070312 0.101562
0 0.369531 0.189062 0.214062 0.378125
0 0.505469 0.204687 0.217188 0.356250
0 0.679688 0.134375 0.081250 0.268750
0 0.701562 0.144531 0.125000 0.289062
0 0.857812 0.189844 0.150000 0.289062
2 0.778125 0.169531 0.156250 0.298438
6 0.935156 0.210156 0.129688 0.289062
3 0.976562 0.242188 0.046875 0.290625
5 0.060937 0.596875 0.121875 0.215625
0 0.142969 0.592969 0.232813 0.207813
0 0.359375 0.603906 0.234375 0.229687
0 0.541406 0.628125 0.195312 0.278125
10 0.200000 0.671094 0.040625 0.060937
1 0.688281 0.767188 0.098437 0.406250
0 0.696875 0.806250 0.115625 0.381250
8 0.770312 0.830469 0.228125 0.339062
10 0.804688 0.973437 0.075000 0.053125
0 0.904687 0.837500 0.190625 0.325000