2 0.144531 0.128906 0.248438 0.257812
3 0.369531 0.122656 0.214062 0.245312
10 0.467969 0.036719 0.070312 0.073438
0 0.581250 0.123438 0.196875 0.246875
4 0.853125 0.212500 0.090625 0.175000
6 0.932031 0.218750 0.067187 0.175000
10 0.968750 0.286719 0.025000 0.048438
0 0.985156 0.212500 0.029687 0.181250
4 0.138281 0.832031 0.095312 0.248438
3 0.265625 0.796875 0.075000 0.240625
10 0.324219 0.886719 0.020313 0.039062
0 0.386719 0.781250 0.101562 0.246875
0 0.503125 0.771875 0.103125 0.250000
7 0.727344 0.571094 0.095312 0.423438
5 0.760938 0.582031 0.162500 0.435937
10 0.831250 0.717187 0.071875 0.146875
0 0.916406 0.575000 0.167187 0.431250