2 0.197656 0.157031 0.342187 0.314063
3 0.413281 0.165625 0.292187 0.331250
10 0.461719 0.282813 0.098437 0.156250
0 0.519531 0.191406 0.079687 0.382812
1 0.703906 0.407813 0.123438 0.162500
9 0.782813 0.410938 0.143750 0.156250
8 0.874219 0.421875 0.126562 0.134375
0 0.946094 0.429688 0.107813 0.118750
2 0.053125 0.590625 0.106250 0.203125
1 0.203906 0.607812 0.110937 0.237500
2 0.307031 0.616406 0.173437 0.254688
10 0.339062 0.732031 0.028125 0.035937
0 0.444531 0.632031 0.167187 0.285938
5 0.814063 0.593750 0.143750 0.209375
8 0.926562 0.612500 0.146875 0.246875
10 0.952344 0.713281 0.029687 0.042188