0 0.349219 0.076563 0.164062 0.153125
0 0.460938 0.070312 0.134375 0.140625
10 0.525000 0.107813 0.062500 0.100000
0 0.554688 0.064062 0.109375 0.128125
0 0.651563 0.209375 0.084375 0.396875
0 0.649219 0.208594 0.079687 0.345313
0 0.646094 0.196875 0.073438 0.346875
5 0.645312 0.189062 0.071875 0.346875
4 0.667188 0.175781 0.115625 0.301563
2 0.750000 0.176563 0.118750 0.309375
10 0.811719 0.299219 0.032813 0.054688
8 0.839844 0.161719 0.117188 0.310937
1 0.081250 0.626563 0.128125 0.290625
10 0.358594 0.720313 0.054688 0.084375
0 0.520312 0.583594 0.159375 0.248438
0 0.410156 0.607812 0.145313 0.296875
0 0.298438 0.623437 0.165625 0.293750
0 0.178906 0.617969 0.142187 0.304688
6 0.901563 0.577344 0.190625 0.235937