4 0.032031 0.064062 0.064062 0.128125
9 0.027344 0.065625 0.054688 0.131250
10 0.013281 0.039844 0.026562 0.079687
0 0.031250 0.064062 0.062500 0.128125
0 0.462500 0.095312 0.087500 0.190625
0 0.482812 0.083594 0.128125 0.167187
0 0.589063 0.084375 0.146875 0.168750
0 0.891406 0.078125 0.132812 0.156250
5 0.694531 0.078125 0.135937 0.156250
3 0.792969 0.076563 0.123438 0.153125
10 0.931250 0.022656 0.025000 0.032813
1 0.181250 0.642969 0.046875 0.214062
7 0.266406 0.652344 0.082812 0.235937
7 0.366406 0.654687 0.073438 0.215625
10 0.390625 0.757031 0.018750 0.029687
0 0.610938 0.723437 0.156250 0.368750
3 0.719531 0.733594 0.139063 0.320312
5 0.813281 0.753125 0.145313 0.328125
2 0.902344 0.777344 0.126562 0.351562
6 0.968750 0.760938 0.062500 0.306250