4 0.039844 0.237500 0.079687 0.321875
9 0.089063 0.248438 0.137500 0.331250
10 0.150000 0.393750 0.068750 0.100000
0 0.235937 0.264844 0.156250 0.323437
7 0.677344 0.104688 0.135937 0.209375
0 0.804688 0.097656 0.168750 0.195312
0 0.939063 0.093750 0.121875 0.187500
10 0.867969 0.121094 0.073438 0.092188
1 0.262500 0.623437 0.125000 0.268750
9 0.383594 0.630469 0.185938 0.282813
6 0.517969 0.636719 0.179688 0.295312
10 0.565625 0.766406 0.056250 0.085938
0 0.889062 0.728906 0.178125 0.360938
0 0.975000 0.740625 0.050000 0.368750
9 0.731250 0.708594 0.181250 0.370312
3 0.648438 0.695312 0.078125 0.378125
10 0.784375 0.848437 0.065625 0.140625