2 0.056250 0.188281 0.112500 0.376563
0 0.048438 0.197656 0.096875 0.395313
8 0.053906 0.189844 0.107813 0.379688
10 0.071094 0.374219 0.079687 0.126562
0 0.185938 0.205469 0.165625 0.410938
6 0.350781 0.328906 0.164062 0.342187
7 0.512500 0.339844 0.140625 0.320312
0 0.671094 0.347656 0.182812 0.304688
2 0.816406 0.353125 0.176563 0.293750
9 0.166406 0.669531 0.204687 0.339062
5 0.050000 0.657031 0.100000 0.314063
2 0.505469 0.758594 0.176563 0.329688
1 0.649219 0.771875 0.145313 0.350000
5 0.775000 0.795312 0.156250 0.340625
10 0.819531 0.919531 0.060937 0.079687
7 0.922656 0.816406 0.154688 0.357812