4 0.046094 0.405469 0.092188 0.289062
5 0.125000 0.403906 0.159375 0.292187
10 0.205469 0.520312 0.060937 0.059375
0 0.260937 0.396875 0.165625 0.306250
0 0.400000 0.385937 0.175000 0.328125
6 0.721094 0.121875 0.117188 0.243750
0 0.832812 0.117188 0.112500 0.234375
0 0.944531 0.119531 0.110937 0.239063
10 0.900000 0.219531 0.018750 0.035937
2 0.187500 0.730469 0.150000 0.279687
5 0.292187 0.714844 0.128125 0.282813
10 0.346875 0.801562 0.040625 0.075000
0 0.398438 0.691406 0.134375 0.270313
0 0.503125 0.683594 0.128125 0.267188
0 0.886719 0.871875 0.189062 0.256250
0 0.970313 0.857031 0.059375 0.285938
6 0.633594 0.899219 0.129688 0.201563
2 0.740625 0.886719 0.159375 0.226562