4 0.258594 0.227344 0.157812 0.354687
5 0.396094 0.235937 0.129688 0.346875
10 0.465625 0.353906 0.053125 0.107813
0 0.487500 0.226562 0.043750 0.334375
5 0.545312 0.125000 0.071875 0.250000
3 0.541406 0.115625 0.064062 0.231250
10 0.524219 0.220312 0.029687 0.090625
3 0.590625 0.115625 0.162500 0.231250
7 0.792969 0.115625 0.135937 0.231250
4 0.045312 0.607031 0.090625 0.276562
9 0.147656 0.606250 0.120313 0.275000
10 0.225000 0.717187 0.062500 0.100000
0 0.294531 0.604688 0.139063 0.271875
0 0.909375 0.653906 0.100000 0.257812
0 0.976562 0.653125 0.046875 0.246875
5 0.800781 0.632031 0.092188 0.242188
4 0.708594 0.640625 0.101562 0.250000
10 0.860938 0.758594 0.043750 0.051562