6 0.207813 0.290625 0.153125 0.334375
8 0.377344 0.304688 0.142187 0.328125
10 0.440625 0.451562 0.050000 0.096875
0 0.537500 0.308594 0.165625 0.357812
0 0.635156 0.307031 0.067187 0.332813
4 0.705469 0.217969 0.073438 0.267188
5 0.700000 0.221094 0.062500 0.295312
10 0.686719 0.327344 0.035937 0.098437
0 0.754687 0.245312 0.146875 0.318750
0 0.879687 0.257031 0.156250 0.304688
4 0.581250 0.906250 0.146875 0.187500
5 0.440625 0.901563 0.131250 0.196875
2 0.314063 0.884375 0.178125 0.231250
0 0.937500 0.931250 0.125000 0.137500
5 0.815625 0.926562 0.156250 0.146875
4 0.714063 0.910937 0.090625 0.178125