7 0.359375 0.353906 0.159375 0.270313
6 0.629687 0.240625 0.137500 0.309375
3 0.755469 0.232813 0.129688 0.300000
10 0.827344 0.342969 0.051562 0.082812
9 0.891406 0.216406 0.142187 0.307812
8 0.970313 0.204687 0.059375 0.315625
1 0.046094 0.677344 0.092188 0.376563
8 0.179688 0.668750 0.265625 0.359375
0 0.373437 0.660937 0.131250 0.343750
10 0.332031 0.762500 0.098437 0.187500
4 0.648438 0.742969 0.225000 0.485938
0 0.825781 0.711719 0.210938 0.445312
0 0.955469 0.712500 0.089063 0.446875
10 0.939063 0.867969 0.087500 0.104688