5 0.123438 0.160156 0.181250 0.320312
7 0.264062 0.182812 0.150000 0.306250
10 0.271875 0.303906 0.031250 0.048438
9 0.378125 0.207031 0.165625 0.317188
2 0.457031 0.225000 0.085938 0.300000
1 0.692187 0.292187 0.128125 0.237500
9 0.770312 0.308594 0.150000 0.251563
8 0.860938 0.328125 0.134375 0.237500
10 0.881250 0.414062 0.056250 0.084375
0 0.937500 0.349219 0.125000 0.239063
2 0.289062 0.815625 0.181250 0.271875
5 0.393750 0.821875 0.175000 0.284375
6 0.466406 0.832812 0.067187 0.284375
2 0.553125 0.928906 0.106250 0.142187
4 0.627344 0.954688 0.189062 0.090625
6 0.747656 0.965625 0.198437 0.068750