5 0.039844 0.359375 0.079687 0.312500
7 0.164844 0.357031 0.089063 0.295312
10 0.199219 0.472656 0.023438 0.045312
9 0.282813 0.357031 0.106250 0.301563
2 0.394531 0.351562 0.089063 0.284375
5 0.491406 0.139844 0.104688 0.279687
8 0.588281 0.153906 0.204687 0.307812
10 0.657031 0.269531 0.067187 0.154688
0 0.795312 0.153906 0.215625 0.307812
1 0.978906 0.164062 0.042188 0.328125
2 0.052344 0.892969 0.104688 0.214062
1 0.177344 0.897656 0.107813 0.204687
0 0.292187 0.895312 0.125000 0.209375
0 0.392969 0.892188 0.092188 0.215625
7 0.478125 0.739062 0.078125 0.178125
1 0.609375 0.739844 0.128125 0.179688
10 0.656250 0.679688 0.050000 0.059375
0 0.758594 0.742969 0.170313 0.185938
0 0.917188 0.746875 0.165625 0.193750