1 0.100000 0.083594 0.112500 0.167187
7 0.217188 0.083594 0.153125 0.167187
7 0.371875 0.082031 0.137500 0.164062
10 0.441406 0.014063 0.029687 0.028125
0 0.655469 0.158594 0.098437 0.232813
0 0.745313 0.151562 0.093750 0.228125
2 0.836719 0.142969 0.101562 0.226562
7 0.932031 0.132812 0.085938 0.231250
7 0.179688 0.504687 0.081250 0.090625
0 0.309375 0.504687 0.081250 0.090625
10 0.284375 0.469531 0.021875 0.020313
2 0.242188 0.501563 0.078125 0.084375
2 0.521875 0.925781 0.106250 0.148438
2 0.596094 0.910937 0.223438 0.178125
5 0.760938 0.900000 0.206250 0.200000
0 0.913281 0.887500 0.173437 0.225000