2 0.060937 0.297656 0.121875 0.373437
2 0.064844 0.357812 0.129688 0.418750
5 0.164844 0.382031 0.242188 0.395313
10 0.197656 0.528906 0.089063 0.101562
0 0.329688 0.399219 0.234375 0.360938
1 0.469531 0.428125 0.120313 0.303125
3 0.621094 0.092969 0.182812 0.185938
1 0.754687 0.103906 0.162500 0.207813
0 0.857031 0.116406 0.207813 0.232813
10 0.889062 0.214062 0.078125 0.112500
0 0.939063 0.135156 0.121875 0.270313
5 0.228125 0.883594 0.153125 0.232813
3 0.338281 0.893750 0.151562 0.212500
0 0.435937 0.898438 0.156250 0.203125
0 0.492188 0.905469 0.075000 0.189062
3 0.837500 0.910156 0.193750 0.179688
5 0.953906 0.925000 0.092188 0.150000