1 0.063281 0.177344 0.126562 0.354687
7 0.179688 0.168750 0.137500 0.337500
6 0.298438 0.164062 0.156250 0.328125
10 0.364063 0.262500 0.050000 0.087500
0 0.402344 0.155469 0.095312 0.310937
3 0.475000 0.316406 0.050000 0.285938
3 0.498437 0.309375 0.096875 0.287500
4 0.581250 0.300781 0.103125 0.270313
7 0.673438 0.295312 0.087500 0.262500
10 0.723437 0.423438 0.021875 0.046875
0 0.763281 0.300781 0.101562 0.264062
2 0.265625 0.757031 0.109375 0.232813
1 0.374219 0.744531 0.089063 0.226562
9 0.421094 0.743750 0.057813 0.225000
9 0.515625 0.689063 0.131250 0.240625
4 0.700000 0.673438 0.178125 0.209375
10 0.813281 0.746094 0.035937 0.048438
0 0.910156 0.687500 0.179688 0.237500