5 0.060156 0.125000 0.120313 0.250000
0 0.060937 0.118750 0.121875 0.237500
0 0.086719 0.121094 0.173437 0.242188
0 0.243750 0.126562 0.246875 0.253125
10 0.019531 0.146094 0.039062 0.110937
10 0.230469 0.648438 0.054688 0.096875
1 0.094531 0.485156 0.132812 0.314063
2 0.046875 0.449219 0.093750 0.320312
8 0.315625 0.545312 0.168750 0.318750
3 0.191406 0.507812 0.132812 0.312500
10 0.961719 0.659375 0.064062 0.071875
1 0.820312 0.528125 0.137500 0.309375
2 0.658594 0.505469 0.226562 0.326562
0 0.923438 0.542188 0.153125 0.312500