5 0.067969 0.231250 0.135937 0.462500
0 0.196094 0.214844 0.273438 0.429688
10 0.313281 0.346875 0.051562 0.115625
0 0.719531 0.146875 0.214062 0.293750
0 0.862500 0.142187 0.212500 0.284375
1 0.587500 0.153906 0.156250 0.307812
10 0.660937 0.255469 0.050000 0.092188
4 0.435937 0.182031 0.193750 0.364063
4 0.053906 0.819531 0.107813 0.360938
7 0.049219 0.819531 0.098437 0.360938
10 0.028125 0.945312 0.056250 0.109375
0 0.054688 0.802344 0.109375 0.326562
0 0.186719 0.788281 0.232813 0.298438
0 0.615625 0.866406 0.262500 0.267188
0 0.803125 0.850000 0.259375 0.300000
8 0.437500 0.888281 0.196875 0.223438