5 0.219531 0.376563 0.367188 0.621875
1 0.357031 0.321875 0.104688 0.518750
1 0.074219 0.450781 0.148438 0.517188
1 0.453906 0.307812 0.089063 0.437500
1 0.834375 0.192188 0.218750 0.384375
7 0.507812 0.232031 0.196875 0.401562
3 0.473438 0.275781 0.128125 0.464062
0 0.662500 0.214062 0.268750 0.428125
10 0.600000 0.389844 0.078125 0.110937
2 0.193750 0.818750 0.218750 0.218750
1 0.323437 0.805469 0.171875 0.192188
0 0.891406 0.825000 0.217188 0.231250
1 0.767969 0.831250 0.176563 0.243750
10 0.846094 0.899219 0.054688 0.092188
4 0.606250 0.854688 0.240625 0.290625