10 0.218750 0.599219 0.093750 0.139063
5 0.077344 0.369531 0.154688 0.598437
0 0.353125 0.423438 0.231250 0.490625
1 0.185938 0.407031 0.203125 0.514062
1 0.043750 0.376563 0.087500 0.531250
2 0.573438 0.410938 0.156250 0.325000
1 0.760156 0.437500 0.098437 0.325000
9 0.873437 0.454688 0.140625 0.328125
10 0.913281 0.601562 0.048438 0.071875
0 0.966406 0.480469 0.067187 0.326562
4 0.075781 0.860156 0.151562 0.279687
8 0.114062 0.884375 0.228125 0.231250
0 0.303125 0.886719 0.228125 0.226562
0 0.910937 0.778125 0.178125 0.218750
6 0.628125 0.752344 0.218750 0.167187
2 0.778906 0.752344 0.167187 0.167187
10 0.820312 0.811719 0.065625 0.089063