9 0.144531 0.242188 0.289062 0.234375
3 0.313281 0.207813 0.251563 0.303125
0 0.909375 0.235156 0.181250 0.248438
6 0.775000 0.244531 0.212500 0.229687
5 0.636719 0.268750 0.201563 0.181250
0 0.031250 0.464062 0.062500 0.209375
0 0.058594 0.452344 0.117188 0.185938
0 0.149219 0.439063 0.123438 0.159375
7 0.250000 0.426563 0.106250 0.134375
1 0.352344 0.413281 0.079687 0.107813
3 0.397656 0.417187 0.082812 0.115625
2 0.121875 0.607031 0.062500 0.126562
1 0.571094 0.482812 0.160938 0.246875
9 0.671875 0.477344 0.193750 0.235937
3 0.813281 0.476562 0.179688 0.234375
10 0.884375 0.516406 0.065625 0.098437
0 0.917188 0.479687 0.165625 0.240625