2 0.052344 0.106250 0.104688 0.212500
1 0.043750 0.096875 0.087500 0.193750
0 0.131250 0.102344 0.218750 0.204687
10 0.219531 0.025000 0.076563 0.050000
0 0.292969 0.104688 0.214062 0.209375
3 0.465625 0.134375 0.096875 0.237500
8 0.571094 0.120313 0.107813 0.237500
0 0.672656 0.116406 0.114062 0.232813
1 0.803125 0.097656 0.068750 0.195312
10 0.633594 0.217188 0.020313 0.031250
7 0.219531 0.582812 0.217188 0.431250
4 0.337500 0.548438 0.125000 0.409375
4 0.582812 0.699219 0.175000 0.295312
6 0.702344 0.683594 0.151562 0.292187
10 0.775000 0.793750 0.062500 0.109375