10 0.385937 0.021094 0.028125 0.042188
4 0.336719 0.089063 0.126562 0.178125
2 0.211719 0.093750 0.201563 0.187500
2 0.851562 0.331250 0.165625 0.096875
1 0.735156 0.320312 0.160938 0.118750
1 0.595313 0.319531 0.153125 0.120313
3 0.049219 0.496875 0.098437 0.234375
6 0.051562 0.503125 0.103125 0.246875
9 0.152344 0.521094 0.189062 0.282813
10 0.047656 0.590625 0.060937 0.103125
7 0.306250 0.508594 0.171875 0.257812
10 0.809375 0.603906 0.056250 0.092188
10 0.767969 0.503125 0.167187 0.246875
0 0.907031 0.521875 0.173437 0.284375
2 0.633594 0.500000 0.182812 0.240625
2 0.491406 0.492188 0.182812 0.225000