2 0.109375 0.354687 0.218750 0.350000
1 0.311719 0.346094 0.195312 0.367188
0 0.455469 0.330469 0.239063 0.398438
10 0.553125 0.470313 0.081250 0.103125
0 0.573438 0.301563 0.153125 0.421875
4 0.924219 0.156250 0.151562 0.306250
9 0.976562 0.155469 0.046875 0.310937
3 0.276562 0.841406 0.134375 0.260937
2 0.378906 0.814844 0.151562 0.273438
10 0.454688 0.914844 0.068750 0.101562
0 0.504687 0.796094 0.187500 0.301563
1 0.617188 0.775000 0.065625 0.331250
1 0.673438 0.911719 0.046875 0.176563
6 0.688281 0.895312 0.076563 0.209375
7 0.781250 0.885938 0.131250 0.228125
8 0.905469 0.877344 0.148438 0.245312