10 0.489844 0.020313 0.057813 0.040625
4 0.438281 0.086719 0.160938 0.173437
2 0.283594 0.091406 0.179688 0.182812
2 0.557813 0.091406 0.078125 0.182812
3 0.550000 0.084375 0.062500 0.168750
1 0.031250 0.496094 0.062500 0.292187
9 0.065625 0.503906 0.131250 0.307812
6 0.171875 0.509375 0.181250 0.318750
10 0.214062 0.647656 0.056250 0.089063
10 0.319531 0.526563 0.170313 0.353125
6 0.583594 0.742969 0.129688 0.514062
7 0.571094 0.765625 0.104688 0.468750
10 0.546094 0.968750 0.054688 0.062500
0 0.668750 0.781250 0.243750 0.437500
0 0.882031 0.786719 0.235937 0.426563