4 0.032031 0.302344 0.064062 0.314063
3 0.127344 0.297656 0.107813 0.285938
10 0.175000 0.410156 0.053125 0.104688
0 0.252344 0.324219 0.104688 0.307812
2 0.642188 0.382031 0.115625 0.273438
6 0.763281 0.389062 0.117188 0.259375
2 0.878906 0.376563 0.110937 0.284375
10 0.942969 0.461719 0.042188 0.089063
0 0.975000 0.377344 0.050000 0.282813
5 0.308594 0.599219 0.073438 0.160938
0 0.385156 0.607031 0.085938 0.176563
10 0.427344 0.653125 0.029687 0.078125
0 0.472656 0.604688 0.092188 0.171875
1 0.539844 0.622656 0.042188 0.207813
9 0.551562 0.616406 0.065625 0.195312
3 0.674219 0.609375 0.123438 0.181250
10 0.749219 0.696094 0.048438 0.095312
5 0.839844 0.608594 0.170313 0.179688