5 0.233594 0.132812 0.189062 0.265625
7 0.414062 0.125781 0.168750 0.251563
10 0.492969 0.208594 0.054688 0.110937
0 0.585938 0.105469 0.053125 0.210938
3 0.582812 0.110937 0.046875 0.221875
5 0.583594 0.105469 0.048438 0.210938
5 0.582812 0.108594 0.046875 0.217188
6 0.610938 0.111719 0.096875 0.223438
7 0.712500 0.111719 0.084375 0.223438
10 0.655469 0.210938 0.010937 0.028125
10 0.292187 0.967969 0.065625 0.064062
0 0.377344 0.846094 0.129688 0.307812
0 0.495312 0.846094 0.128125 0.307812
2 0.235937 0.844531 0.146875 0.310937
5 0.109375 0.839844 0.134375 0.320312
0 0.885156 0.532813 0.195312 0.246875
2 0.677344 0.541406 0.220312 0.264062
2 0.622656 0.544531 0.126562 0.270313