5 0.035156 0.089844 0.070312 0.179688
7 0.114844 0.087500 0.126562 0.175000
0 0.266406 0.083594 0.135937 0.167187
0 0.407813 0.087500 0.143750 0.175000
10 0.184375 0.021875 0.040625 0.043750
0 0.646094 0.163281 0.104688 0.257812
0 0.757812 0.167969 0.115625 0.242188
4 0.538281 0.166406 0.098437 0.254688
6 0.505469 0.157812 0.051562 0.250000
2 0.503906 0.161719 0.048438 0.245312
10 0.585938 0.256250 0.037500 0.065625
3 0.120313 0.504687 0.096875 0.296875
6 0.257031 0.497656 0.095312 0.292187
10 0.323437 0.626563 0.040625 0.062500
0 0.397656 0.495312 0.101562 0.278125
5 0.680469 0.820312 0.104688 0.309375
5 0.776563 0.825781 0.103125 0.270313
6 0.867969 0.827344 0.082812 0.301563
3 0.955469 0.829688 0.089063 0.250000
10 0.995313 0.946875 0.009375 0.053125