1 0.071875 0.088281 0.078125 0.176563
7 0.221875 0.092969 0.115625 0.185938
10 0.288281 0.023438 0.029687 0.046875
8 0.380469 0.094531 0.151562 0.189062
3 0.660156 0.075781 0.104688 0.151562
9 0.794531 0.080469 0.117188 0.160938
10 0.858594 0.012500 0.026562 0.025000
9 0.930469 0.075781 0.107813 0.151562
1 0.021094 0.766406 0.042188 0.329688
7 0.087500 0.754687 0.118750 0.321875
8 0.207031 0.757812 0.139063 0.331250
10 0.294531 0.888281 0.035937 0.067187
0 0.378125 0.745313 0.137500 0.321875
6 0.660937 0.728125 0.090625 0.209375
6 0.741406 0.723437 0.082812 0.206250
10 0.787500 0.794531 0.028125 0.057813
0 0.833594 0.721875 0.082812 0.196875
0 0.924219 0.702344 0.085938 0.189062