1 0.199219 0.094531 0.101562 0.189062
6 0.300781 0.117969 0.185938 0.235937
7 0.460156 0.128125 0.098437 0.256250
10 0.494531 0.252344 0.029687 0.098437
1 0.553906 0.108594 0.089063 0.217188
2 0.572656 0.111719 0.126562 0.223438
3 0.658594 0.135937 0.229687 0.271875
10 0.702344 0.221875 0.082812 0.118750
0 0.835938 0.142969 0.240625 0.285938
0 0.942187 0.159375 0.115625 0.318750
5 0.114062 0.850000 0.125000 0.250000
7 0.235937 0.875000 0.106250 0.250000
10 0.257031 0.970313 0.045312 0.059375
0 0.341406 0.882812 0.142187 0.234375
0 0.438281 0.892969 0.142187 0.214062
10 0.686719 0.693750 0.045312 0.068750
0 0.871094 0.634375 0.160938 0.275000
0 0.758594 0.621094 0.142187 0.279687
6 0.651563 0.584375 0.131250 0.262500
2 0.567187 0.560156 0.115625 0.292187
2 0.542188 0.538281 0.065625 0.273438