1 0.020313 0.402344 0.040625 0.323437
6 0.060937 0.394531 0.121875 0.364063
7 0.225000 0.371094 0.125000 0.339062
10 0.293750 0.521094 0.050000 0.098437
0 0.367969 0.365625 0.164062 0.371875
0 0.475000 0.353125 0.050000 0.362500
1 0.560156 0.250781 0.092188 0.376563
8 0.688281 0.242188 0.160938 0.371875
6 0.855469 0.210156 0.142187 0.351562
10 0.939063 0.357031 0.059375 0.145313
0 0.964844 0.206250 0.070312 0.350000
10 0.285938 0.771875 0.068750 0.065625
7 0.383594 0.837500 0.173437 0.196875
0 0.202344 0.835156 0.198437 0.192188
9 0.074219 0.843750 0.148438 0.209375
5 0.049219 0.845313 0.098437 0.212500
4 0.788281 0.802344 0.135937 0.126562
0 0.897656 0.801562 0.129688 0.125000
10 0.968750 0.760156 0.062500 0.042188