5 0.050781 0.379688 0.101562 0.418750
5 0.166406 0.389062 0.148438 0.400000
1 0.485938 0.381250 0.118750 0.371875
2 0.612500 0.385937 0.150000 0.381250
5 0.761719 0.400000 0.157812 0.378125
10 0.835156 0.541406 0.070312 0.095312
0 0.920312 0.403906 0.159375 0.370312
5 0.178125 0.707031 0.121875 0.235937
4 0.266406 0.696094 0.045312 0.214062
2 0.625781 0.911719 0.101562 0.176563
2 0.792188 0.921875 0.087500 0.156250
0 0.880469 0.919531 0.082812 0.160938
4 0.725781 0.913281 0.095312 0.173437
1 0.980469 0.937500 0.039062 0.125000