9 0.488281 0.226562 0.142187 0.365625
3 0.342969 0.220312 0.145313 0.375000
10 0.544531 0.363281 0.029687 0.139063
5 0.703906 0.088281 0.076563 0.176563
2 0.579688 0.065625 0.040625 0.131250
10 0.739062 0.140625 0.031250 0.053125
0 0.628125 0.070312 0.096875 0.140625
0 0.782813 0.082812 0.075000 0.165625
0 0.864062 0.084375 0.087500 0.168750
10 0.387500 0.815625 0.040625 0.043750
9 0.349219 0.763281 0.070312 0.148438
5 0.419531 0.760938 0.076563 0.143750
2 0.199219 0.762500 0.098437 0.146875
0 0.280469 0.766406 0.079687 0.154688
0 0.495312 0.760156 0.084375 0.142187
7 0.598437 0.826562 0.078125 0.275000
1 0.765625 0.828906 0.078125 0.279687
10 0.814063 0.946094 0.043750 0.082812
0 0.917188 0.830469 0.165625 0.282813