10 0.407813 0.091406 0.050000 0.073438
4 0.228125 0.084375 0.171875 0.168750
7 0.360156 0.086719 0.145313 0.173437
4 0.528906 0.092969 0.079687 0.185938
9 0.574219 0.103125 0.135937 0.206250
10 0.628906 0.185938 0.067187 0.103125
0 0.720313 0.111719 0.156250 0.223438
0 0.264062 0.728906 0.175000 0.379688
0 0.408594 0.742969 0.157812 0.332813
5 0.116406 0.704688 0.154688 0.356250
4 0.042188 0.672656 0.084375 0.370312
10 0.175781 0.853125 0.054688 0.087500
3 0.553906 0.692969 0.129688 0.545312
2 0.606250 0.722656 0.203125 0.535937
10 0.660937 0.938281 0.087500 0.123438
0 0.822656 0.744531 0.254688 0.510938
0 0.960156 0.745313 0.079687 0.509375