10 0.351562 0.075000 0.056250 0.078125
4 0.189062 0.087500 0.206250 0.175000
7 0.318750 0.088281 0.181250 0.176563
0 0.464844 0.079687 0.195312 0.159375
1 0.567187 0.078125 0.065625 0.156250
3 0.616406 0.057031 0.032813 0.114062
3 0.615625 0.060156 0.031250 0.120313
8 0.855469 0.191406 0.123438 0.248438
7 0.946094 0.201563 0.107813 0.243750
3 0.982812 0.225000 0.034375 0.259375
0 0.034375 0.570312 0.068750 0.268750
0 0.039062 0.592969 0.078125 0.276562
3 0.105469 0.618750 0.132812 0.268750
1 0.205469 0.639844 0.117188 0.264062
8 0.273438 0.662500 0.121875 0.256250
6 0.349219 0.686719 0.123438 0.248438
10 0.369531 0.780469 0.035937 0.057813
5 0.434375 0.696094 0.118750 0.242188
2 0.664844 0.670312 0.129688 0.503125
2 0.804688 0.725000 0.253125 0.490625
10 0.858594 0.905469 0.073438 0.107813
0 0.928125 0.761719 0.143750 0.476562
0 0.682813 0.691406 0.165625 0.492188