6 0.044531 0.128906 0.089063 0.257812
3 0.041406 0.128906 0.082812 0.257812
10 0.060937 0.198437 0.087500 0.143750
3 0.217188 0.124219 0.175000 0.248438
3 0.432031 0.100000 0.064062 0.200000
7 0.561719 0.087500 0.101562 0.175000
10 0.590625 0.110937 0.043750 0.093750
0 0.690625 0.095312 0.140625 0.190625
0 0.811719 0.082812 0.139063 0.165625
5 0.361719 0.554688 0.076563 0.209375
4 0.444531 0.624219 0.089063 0.348438
2 0.440625 0.625000 0.081250 0.350000
5 0.564844 0.601562 0.139063 0.303125
10 0.636719 0.689063 0.045312 0.087500
0 0.719531 0.592969 0.160938 0.285938
1 0.900781 0.584375 0.117188 0.268750