6 0.093750 0.298438 0.187500 0.421875
3 0.346094 0.306250 0.179688 0.406250
3 0.538281 0.318750 0.101562 0.381250
5 0.647656 0.113281 0.117188 0.226562
5 0.629687 0.107031 0.081250 0.214062
10 0.645312 0.180469 0.056250 0.151562
0 0.758594 0.118750 0.207813 0.237500
1 0.965625 0.126562 0.068750 0.253125
1 0.213281 0.610156 0.032813 0.201563
9 0.312500 0.611719 0.093750 0.204687
4 0.432812 0.602344 0.087500 0.185938
5 0.550000 0.608594 0.078125 0.198437
10 0.482031 0.683594 0.020313 0.039062
3 0.949219 0.680469 0.101562 0.314063