4 0.028125 0.139844 0.056250 0.279687
7 0.024219 0.135156 0.048438 0.270313
10 0.014844 0.296875 0.029687 0.168750
0 0.028906 0.137500 0.057813 0.275000
0 0.108594 0.145313 0.126562 0.290625
4 0.474219 0.099219 0.070312 0.198437
5 0.558594 0.103906 0.098437 0.207813
10 0.608594 0.168750 0.039062 0.084375
0 0.670312 0.099219 0.103125 0.198437
0 0.782813 0.102344 0.112500 0.204687
5 0.023438 0.607031 0.046875 0.176563
8 0.021875 0.596094 0.043750 0.154688
10 0.007031 0.661719 0.014063 0.073438
0 0.028125 0.607031 0.056250 0.176563
1 0.107031 0.598437 0.082812 0.159375
0 0.475000 0.922656 0.071875 0.154688
3 0.572656 0.925000 0.085938 0.150000
5 0.672656 0.928906 0.092188 0.142187
5 0.778906 0.931250 0.089063 0.137500
6 0.873437 0.935156 0.090625 0.129688
7 0.967969 0.939063 0.064062 0.121875