1 0.250781 0.260937 0.089063 0.287500
8 0.351562 0.253906 0.128125 0.292187
7 0.481250 0.257812 0.096875 0.290625
10 0.517188 0.391406 0.025000 0.064062
4 0.582812 0.374219 0.106250 0.354687
8 0.587500 0.367188 0.115625 0.384375
10 0.629687 0.520312 0.059375 0.100000
0 0.744531 0.378906 0.207813 0.401562
0 0.914062 0.372656 0.171875 0.389062
4 0.047656 0.864062 0.095312 0.271875
0 0.104688 0.859375 0.165625 0.281250
0 0.274219 0.859375 0.170313 0.281250
1 0.458594 0.856250 0.142187 0.287500
6 0.565625 0.732812 0.071875 0.306250
3 0.594531 0.721875 0.129688 0.284375
10 0.651563 0.828125 0.034375 0.053125
0 0.739062 0.723437 0.121875 0.287500
0 0.865625 0.725000 0.137500 0.290625