1 0.020313 0.094531 0.040625 0.189062
1 0.107031 0.088281 0.057813 0.176563
2 0.214844 0.089063 0.110937 0.178125
10 0.296094 0.017188 0.045312 0.034375
0 0.383594 0.088281 0.132812 0.176563
9 0.573438 0.126562 0.087500 0.253125
9 0.757812 0.124219 0.212500 0.248438
9 0.927344 0.113281 0.145313 0.226562
1 0.137500 0.571875 0.031250 0.259375
8 0.232031 0.557031 0.085938 0.270313
0 0.359375 0.551562 0.087500 0.271875
0 0.485156 0.539844 0.085938 0.273438
10 0.420312 0.660156 0.021875 0.048438
2 0.692187 0.746094 0.146875 0.357812
1 0.885938 0.736719 0.075000 0.351562
5 0.967969 0.731250 0.064062 0.371875