4 0.049219 0.074219 0.098437 0.148438
5 0.200781 0.082031 0.101562 0.164062
10 0.260937 0.107031 0.043750 0.085938
0 0.353906 0.084375 0.123438 0.168750
0 0.515625 0.085156 0.134375 0.170313
2 0.687500 0.214844 0.056250 0.220312
9 0.704688 0.207813 0.090625 0.231250
10 0.756250 0.292187 0.028125 0.059375
0 0.821094 0.198437 0.098437 0.218750
0 0.941406 0.201563 0.110937 0.231250
10 0.447656 0.692969 0.029687 0.064062
0 0.502344 0.624219 0.085938 0.195312
0 0.578906 0.620313 0.082812 0.215625
8 0.410938 0.625000 0.078125 0.225000
5 0.321094 0.614844 0.076563 0.220312
8 0.956250 0.606250 0.087500 0.453125
5 0.803906 0.615625 0.204687 0.471875