4 0.128906 0.162500 0.135937 0.306250
5 0.283594 0.163281 0.132812 0.326562
10 0.332813 0.317188 0.053125 0.090625
0 0.436719 0.175781 0.154688 0.348438
0 0.550781 0.203906 0.076563 0.351562
1 0.635156 0.164844 0.092188 0.329688
8 0.654687 0.177344 0.131250 0.354687
0 0.689063 0.197656 0.200000 0.395313
0 0.876563 0.201563 0.246875 0.403125
10 0.613281 0.296875 0.048438 0.187500
5 0.122656 0.842969 0.229687 0.314063
0 0.328906 0.875000 0.232813 0.250000
0 0.507812 0.887500 0.162500 0.225000
2 0.620313 0.938281 0.062500 0.123438
1 0.620313 0.957812 0.062500 0.084375
0 0.701562 0.965625 0.128125 0.068750