5 0.048438 0.375781 0.096875 0.326562
7 0.129688 0.414844 0.159375 0.298438
10 0.146094 0.542188 0.067187 0.115625
0 0.239063 0.460156 0.175000 0.317188
0 0.319531 0.496875 0.098437 0.334375
1 0.495312 0.328125 0.212500 0.443750
1 0.687500 0.367969 0.218750 0.442188
4 0.810937 0.393750 0.228125 0.425000
10 0.860938 0.565625 0.087500 0.143750
0 0.930469 0.425781 0.139063 0.498437
8 0.059375 0.788281 0.118750 0.176563
4 0.160156 0.778906 0.167187 0.157812
0 0.278125 0.777344 0.181250 0.154688
10 0.181250 0.725781 0.065625 0.051562
3 0.590625 0.754687 0.109375 0.109375
6 0.666406 0.760938 0.129688 0.121875
10 0.697656 0.722656 0.054688 0.045312
0 0.760938 0.751563 0.121875 0.103125
0 0.850781 0.760938 0.126562 0.121875