5 0.134375 0.064062 0.140625 0.128125
7 0.239063 0.058594 0.115625 0.117188
10 0.259375 0.022656 0.050000 0.045312
0 0.328906 0.062500 0.126562 0.125000
0 0.435156 0.066406 0.142187 0.132812
3 0.770312 0.221094 0.128125 0.217188
5 0.896875 0.227344 0.115625 0.204687
0 0.982031 0.237500 0.035937 0.184375
3 0.156250 0.655469 0.153125 0.282813
1 0.294531 0.650000 0.082812 0.234375
10 0.313281 0.746875 0.042188 0.062500
8 0.395313 0.662500 0.128125 0.256250
8 0.499219 0.663281 0.135937 0.232813
1 0.760156 0.761719 0.104688 0.301563
0 0.840625 0.765625 0.137500 0.309375
2 0.934375 0.775000 0.131250 0.318750
5 0.985156 0.797656 0.029687 0.289062