6 0.112500 0.121094 0.225000 0.242188
7 0.244531 0.132031 0.232813 0.264062
10 0.243750 0.219531 0.075000 0.107813
0 0.363281 0.155469 0.232813 0.310937
0 0.457813 0.171875 0.162500 0.343750
4 0.593750 0.084375 0.109375 0.168750
8 0.677344 0.093750 0.151562 0.187500
10 0.706250 0.155469 0.053125 0.095312
0 0.778906 0.104688 0.142187 0.209375
0 0.869531 0.102344 0.129688 0.204687
1 0.039062 0.678906 0.078125 0.198437
2 0.080469 0.678125 0.160938 0.196875
5 0.236719 0.679688 0.210938 0.200000
10 0.282813 0.711719 0.040625 0.051562
0 0.425000 0.681250 0.228125 0.203125
9 0.759375 0.774219 0.178125 0.326562
5 0.898438 0.814063 0.165625 0.312500
10 0.930469 0.953906 0.045312 0.054688
0 0.970313 0.845313 0.059375 0.309375