6 0.053906 0.110937 0.107813 0.221875
7 0.149219 0.107031 0.154688 0.214062
10 0.191406 0.175781 0.054688 0.098437
0 0.278906 0.117188 0.157812 0.234375
0 0.397656 0.119531 0.123438 0.239063
6 0.817969 0.339062 0.082812 0.178125
9 0.893750 0.342187 0.062500 0.178125
10 0.925000 0.407031 0.018750 0.042188
0 0.960938 0.346094 0.059375 0.167187
6 0.412500 0.732812 0.093750 0.318750
5 0.480469 0.533594 0.042188 0.129688
0 0.566406 0.535156 0.107813 0.132812
10 0.624219 0.560937 0.017188 0.031250
0 0.682813 0.533594 0.106250 0.129688
0 0.842969 0.532031 0.048438 0.126562