2 0.020313 0.042969 0.040625 0.085938
0 0.042188 0.045312 0.084375 0.090625
0 0.125000 0.042188 0.090625 0.084375
10 0.144531 0.010937 0.032813 0.021875
7 0.218750 0.042969 0.078125 0.085938
10 0.795312 0.313281 0.031250 0.032813
10 0.710156 0.221875 0.089063 0.212500
2 0.773438 0.232813 0.100000 0.193750
0 0.853906 0.251563 0.104688 0.156250
0 0.930469 0.266406 0.101562 0.126562
5 0.190625 0.480469 0.115625 0.251563
2 0.302344 0.490625 0.117188 0.250000
0 0.415625 0.517188 0.118750 0.246875
10 0.338281 0.586719 0.035937 0.054688
0 0.509375 0.532813 0.100000 0.246875
5 0.627344 0.779687 0.135937 0.350000
2 0.826562 0.837500 0.156250 0.325000
1 0.948438 0.860156 0.103125 0.279687
1 0.753906 0.820312 0.101562 0.290625