7 0.064062 0.165625 0.128125 0.331250
4 0.139844 0.176563 0.245312 0.353125
10 0.176563 0.316406 0.081250 0.123438
5 0.292187 0.230469 0.278125 0.460938
3 0.420312 0.234375 0.178125 0.468750
2 0.710156 0.352344 0.282813 0.451562
2 0.876563 0.388281 0.246875 0.442188
2 0.033594 0.773438 0.067187 0.256250
1 0.105469 0.826562 0.085938 0.234375
3 0.188281 0.853906 0.135937 0.264062
10 0.207813 0.964063 0.028125 0.043750
0 0.293750 0.878906 0.137500 0.242188
0 0.396094 0.898438 0.139063 0.203125
6 0.574219 0.804688 0.129688 0.390625
8 0.590625 0.804688 0.162500 0.390625
0 0.728125 0.828125 0.225000 0.343750
1 0.933594 0.860156 0.132812 0.279687
10 0.595313 0.982031 0.056250 0.035937