7 0.107031 0.393750 0.195312 0.431250
4 0.269531 0.375000 0.185938 0.406250
10 0.358594 0.528906 0.064062 0.117188
5 0.433594 0.386719 0.207813 0.485938
3 0.586719 0.359375 0.164062 0.462500
7 0.989062 0.479687 0.021875 0.281250
1 0.100781 0.723437 0.067187 0.187500
5 0.169531 0.721094 0.095312 0.182812
0 0.248438 0.721094 0.090625 0.182812
10 0.294531 0.776563 0.035937 0.056250
0 0.342187 0.721094 0.096875 0.182812
1 0.433594 0.706250 0.064062 0.153125
0 0.690625 0.923438 0.043750 0.153125
1 0.693750 0.930469 0.050000 0.139063
3 0.695312 0.917969 0.053125 0.164062
0 0.738281 0.921875 0.120313 0.156250
0 0.836719 0.920312 0.120313 0.159375