4 0.180469 0.432812 0.129688 0.212500
4 0.275000 0.443750 0.103125 0.190625
10 0.319531 0.522656 0.051562 0.032813
0 0.381250 0.450000 0.112500 0.178125
0 0.478125 0.439844 0.131250 0.198437
1 0.735938 0.302344 0.090625 0.245312
2 0.808594 0.311719 0.107813 0.235937
0 0.910937 0.317188 0.115625 0.240625
10 0.952344 0.418750 0.051562 0.084375
0 0.977344 0.332031 0.045312 0.214062
2 0.328125 0.803906 0.181250 0.373437
1 0.481250 0.821875 0.125000 0.343750
10 0.510156 0.954688 0.054688 0.090625
0 0.576562 0.829688 0.125000 0.340625
1 0.686719 0.830469 0.095312 0.339062
6 0.779687 0.839844 0.171875 0.320312
5 0.906250 0.851562 0.131250 0.293750
10 0.950781 0.967187 0.073438 0.065625
10 0.982031 0.852344 0.035937 0.295312