4 0.417187 0.198437 0.146875 0.259375
4 0.508594 0.178906 0.117188 0.229687
10 0.579688 0.260937 0.059375 0.109375
0 0.616406 0.167969 0.126562 0.239063
0 0.667969 0.145313 0.064062 0.290625
0 0.731250 0.064844 0.062500 0.129688
0 0.729688 0.060937 0.059375 0.121875
4 0.725781 0.057031 0.051562 0.114062
2 0.725000 0.057813 0.050000 0.115625
1 0.739062 0.053125 0.068750 0.106250
0 0.792188 0.049219 0.087500 0.098437
5 0.865625 0.050000 0.084375 0.100000
10 0.839063 0.006250 0.018750 0.012500
2 0.120313 0.880469 0.184375 0.239063
1 0.280469 0.864062 0.173437 0.271875
8 0.370312 0.851562 0.168750 0.296875
10 0.449219 0.959375 0.057813 0.081250
0 0.499219 0.839063 0.198437 0.321875
0 0.615625 0.804688 0.168750 0.306250
1 0.733594 0.547656 0.067187 0.157812
5 0.739062 0.550781 0.078125 0.164062
3 0.742188 0.550000 0.084375 0.162500
6 0.853125 0.545312 0.190625 0.153125
10 0.792188 0.536719 0.084375 0.132812