7 0.210156 0.312500 0.101562 0.053125
0 0.438281 0.309375 0.120313 0.059375
1 0.584375 0.310156 0.100000 0.057813
2 0.695312 0.089063 0.071875 0.178125
3 0.686719 0.083594 0.054688 0.167187
0 0.324219 0.701562 0.170313 0.353125
0 0.467187 0.710156 0.165625 0.367188
1 0.189844 0.701562 0.110937 0.346875
10 0.238281 0.835938 0.039062 0.087500
4 0.053125 0.707031 0.106250 0.379688
4 0.706250 0.483594 0.093750 0.289062
9 0.815625 0.500781 0.168750 0.323437
2 0.702344 0.490625 0.085938 0.303125
2 0.702344 0.485156 0.085938 0.292187
2 0.695312 0.490625 0.071875 0.303125
10 0.680469 0.587500 0.042188 0.112500