7 0.029687 0.064062 0.059375 0.128125
0 0.118750 0.068750 0.106250 0.137500
10 0.160156 0.068750 0.042188 0.053125
0 0.230469 0.067187 0.117188 0.134375
0 0.407031 0.120313 0.164062 0.240625
0 0.820312 0.136719 0.140625 0.273438
1 0.543750 0.114062 0.106250 0.228125
1 0.636719 0.120313 0.089063 0.240625
9 0.721875 0.140625 0.128125 0.281250
3 0.919531 0.149219 0.114062 0.298438
10 0.958594 0.261719 0.026562 0.057813
7 0.981250 0.208594 0.037500 0.157812
1 0.024219 0.583594 0.048438 0.289062
2 0.038281 0.575000 0.076563 0.271875
4 0.030469 0.589844 0.060937 0.298438
0 0.045312 0.607031 0.090625 0.298438
0 0.142187 0.617969 0.131250 0.292187
10 0.010937 0.717969 0.021875 0.076563
3 0.364063 0.842187 0.150000 0.315625
7 0.503125 0.847656 0.143750 0.304688
6 0.635156 0.849219 0.139063 0.301563
0 0.777344 0.852344 0.164062 0.295312
1 0.935156 0.866406 0.104688 0.267188
10 0.686719 0.974219 0.051562 0.051562