3 0.407813 0.126562 0.121875 0.253125
7 0.550000 0.127344 0.096875 0.254688
10 0.590625 0.207813 0.018750 0.081250
4 0.784375 0.405469 0.137500 0.189062
6 0.904687 0.403906 0.115625 0.192188
2 0.033594 0.836719 0.067187 0.298438
2 0.350781 0.800781 0.101562 0.270313
1 0.095312 0.831250 0.062500 0.240625
1 0.277344 0.810937 0.051562 0.234375
8 0.165625 0.825781 0.103125 0.276562
5 0.017188 0.794531 0.034375 0.164062
8 0.667969 0.581250 0.135937 0.162500
9 0.800781 0.588281 0.135937 0.176563
0 0.939063 0.582031 0.121875 0.164062
10 0.867969 0.609375 0.057813 0.081250