0 0.229687 0.152344 0.278125 0.304688
0 0.072656 0.159375 0.145313 0.318750
10 0.120313 0.252344 0.084375 0.132812
6 0.077344 0.159375 0.154688 0.318750
6 0.597656 0.046875 0.079687 0.093750
6 0.684375 0.048438 0.081250 0.096875
10 0.731250 0.014063 0.018750 0.028125
0 0.771094 0.049219 0.085938 0.098437
0 0.857031 0.051562 0.092188 0.103125
6 0.125781 0.676562 0.107813 0.259375
6 0.219531 0.669531 0.098437 0.260937
9 0.308594 0.672656 0.107813 0.260937
8 0.384375 0.668750 0.090625 0.253125
10 0.427344 0.772656 0.004687 0.035937
1 0.006250 0.611719 0.012500 0.120313
8 0.015625 0.616406 0.031250 0.148438
2 0.585156 0.784375 0.117188 0.290625
0 0.719531 0.781250 0.120313 0.290625
6 0.850000 0.765625 0.115625 0.281250
10 0.919531 0.881250 0.020313 0.037500
0 0.958594 0.758594 0.082812 0.292187