6 0.023438 0.226562 0.046875 0.234375
6 0.025000 0.211719 0.050000 0.226562
0 0.121094 0.198437 0.101562 0.237500
0 0.236719 0.182812 0.101562 0.237500
10 0.067187 0.307812 0.018750 0.034375
7 0.775781 0.078906 0.114062 0.157812
3 0.918750 0.078125 0.109375 0.156250
10 0.987500 0.051562 0.025000 0.046875
1 0.032031 0.602344 0.064062 0.326562
5 0.067969 0.607031 0.135937 0.335938
3 0.192188 0.585156 0.131250 0.292187
10 0.260156 0.689063 0.051562 0.075000
0 0.318750 0.584375 0.140625 0.290625
5 0.463281 0.763281 0.148438 0.426563
3 0.585938 0.725781 0.156250 0.345313
10 0.652344 0.858594 0.060937 0.110937
0 0.737500 0.721875 0.184375 0.371875
1 0.897656 0.687500 0.123438 0.300000