6 0.157812 0.089063 0.175000 0.178125
3 0.296875 0.082031 0.143750 0.164062
10 0.364063 0.016406 0.031250 0.032813
5 0.448437 0.105469 0.137500 0.210938
8 0.617969 0.105469 0.192188 0.210938
10 0.736719 0.025000 0.064062 0.050000
0 0.821094 0.115625 0.229687 0.231250
2 0.048438 0.567969 0.096875 0.351562
3 0.047656 0.576562 0.095312 0.384375
9 0.044531 0.546875 0.089063 0.362500
10 0.031250 0.664062 0.062500 0.100000
0 0.087500 0.522656 0.175000 0.354687
0 0.235156 0.486719 0.185938 0.389062
2 0.468750 0.519531 0.125000 0.248438
3 0.565625 0.511719 0.121875 0.242188
3 0.659375 0.499219 0.112500 0.245312
10 0.707812 0.576562 0.043750 0.068750
0 0.751563 0.482812 0.118750 0.243750
0 0.850781 0.475000 0.123438 0.237500