6 0.156250 0.374219 0.200000 0.310937
3 0.294531 0.391406 0.167187 0.276562
10 0.328125 0.519531 0.050000 0.020313
0 0.420312 0.386719 0.187500 0.285938
0 0.541406 0.409375 0.154688 0.240625
8 0.663281 0.402344 0.089063 0.254688
4 0.717187 0.414062 0.159375 0.231250
8 0.832031 0.426563 0.164062 0.206250
2 0.944531 0.440625 0.110937 0.178125
1 0.368750 0.862500 0.125000 0.275000
7 0.468750 0.878125 0.159375 0.243750
7 0.567969 0.885156 0.101562 0.229687
3 0.669531 0.634375 0.101562 0.209375
7 0.789062 0.620313 0.165625 0.181250
10 0.788281 0.675781 0.060937 0.098437
0 0.900781 0.656250 0.198437 0.253125
0 0.965625 0.640625 0.068750 0.221875