4 0.052344 0.109375 0.104688 0.218750
2 0.073438 0.115625 0.146875 0.231250
5 0.222656 0.096875 0.164062 0.193750
10 0.289844 0.130469 0.051562 0.092188
0 0.377344 0.094531 0.185938 0.189062
4 0.569531 0.184375 0.101562 0.368750
3 0.567187 0.183594 0.096875 0.367188
10 0.585156 0.323437 0.082812 0.118750
0 0.693750 0.197656 0.200000 0.395313
0 0.854688 0.201563 0.203125 0.403125
4 0.407813 0.667188 0.187500 0.306250
6 0.493750 0.686719 0.050000 0.379688
1 0.534375 0.512500 0.031250 0.187500
6 0.549219 0.517188 0.060937 0.196875
7 0.613281 0.525781 0.101562 0.214062
8 0.740625 0.529687 0.118750 0.221875
8 0.887500 0.534375 0.121875 0.231250
10 0.653125 0.620313 0.025000 0.040625