4 0.077344 0.432812 0.132812 0.153125
9 0.212500 0.429688 0.115625 0.159375
0 0.343750 0.419531 0.137500 0.179688
6 0.507812 0.266406 0.115625 0.485938
6 0.650000 0.277344 0.206250 0.464062
10 0.757031 0.477344 0.070312 0.064062
7 0.196875 0.639844 0.075000 0.260937
6 0.315625 0.634375 0.087500 0.250000
0 0.421094 0.630469 0.057813 0.242188
10 0.378906 0.734375 0.017188 0.034375
1 0.484375 0.797656 0.068750 0.404687
7 0.571875 0.803906 0.150000 0.392188
6 0.720313 0.806250 0.168750 0.387500
10 0.813281 0.966406 0.067187 0.067187
10 0.908594 0.806250 0.167187 0.387500