4 0.252344 0.325781 0.176563 0.301563
9 0.389844 0.338281 0.157812 0.285938
10 0.428125 0.447656 0.071875 0.117188
0 0.521094 0.353125 0.182812 0.312500
0 0.653125 0.394531 0.068750 0.289062
0 0.653906 0.403125 0.070312 0.271875
3 0.650000 0.417187 0.062500 0.243750
3 0.649219 0.425000 0.060937 0.228125
1 0.635938 0.449219 0.034375 0.179688
0 0.666406 0.446094 0.095312 0.185938
0 0.739062 0.453906 0.121875 0.170313
3 0.146875 0.931250 0.065625 0.137500
0 0.205469 0.940625 0.076563 0.118750
0 0.280469 0.949219 0.073438 0.101562
0 0.346094 0.957031 0.073438 0.085938
6 0.677344 0.676562 0.117188 0.275000
9 0.725000 0.707812 0.212500 0.337500
0 0.902344 0.718750 0.195312 0.359375
10 0.780469 0.814063 0.070312 0.096875