10 0.273438 0.289062 0.050000 0.084375
10 0.489063 0.157812 0.040625 0.315625
10 0.031250 0.153125 0.062500 0.306250
8 0.058594 0.153906 0.117188 0.307812
8 0.204687 0.164062 0.115625 0.328125
0 0.348438 0.161719 0.115625 0.298438
0 0.527344 0.273438 0.035937 0.234375
0 0.597656 0.277344 0.070312 0.220312
2 0.694531 0.292187 0.070312 0.225000
9 0.789062 0.299219 0.068750 0.223438
2 0.878125 0.307031 0.062500 0.223438
4 0.960938 0.308594 0.062500 0.207813
10 0.996875 0.404687 0.006250 0.028125
10 0.283594 0.750781 0.042188 0.104688
0 0.377344 0.712500 0.160938 0.206250
4 0.181250 0.707812 0.178125 0.196875
5 0.043750 0.717969 0.087500 0.217188
5 0.618750 0.725000 0.203125 0.231250
3 0.846094 0.728906 0.160938 0.239063
10 0.935937 0.636719 0.062500 0.054688