10 0.699219 0.288281 0.101562 0.223438
10 0.165625 0.343750 0.196875 0.112500
8 0.280469 0.339844 0.185938 0.120313
8 0.426563 0.325000 0.187500 0.150000
0 0.565625 0.314844 0.178125 0.170313
4 0.795312 0.307812 0.090625 0.184375
1 0.811719 0.294531 0.114062 0.210938
6 0.921875 0.275000 0.156250 0.250000
10 0.525781 0.717969 0.082812 0.117188
0 0.583594 0.578906 0.248438 0.357812
0 0.684375 0.551562 0.131250 0.303125
6 0.225781 0.629687 0.282813 0.459375
1 0.103906 0.661719 0.207813 0.473438
9 0.399219 0.605469 0.254688 0.410938
3 0.800781 0.627344 0.101562 0.345313
6 0.796875 0.600781 0.093750 0.329688
10 0.777344 0.693750 0.054688 0.075000
3 0.839063 0.573438 0.178125 0.346875
9 0.936719 0.540625 0.126562 0.281250