4 0.428906 0.364063 0.167187 0.309375
9 0.525000 0.357031 0.150000 0.326562
6 0.572656 0.355469 0.054688 0.320312
4 0.773438 0.172656 0.153125 0.235937
9 0.857031 0.151562 0.145313 0.240625
10 0.933594 0.238281 0.045312 0.070312
0 0.942969 0.142969 0.114062 0.254688
4 0.193750 0.728125 0.181250 0.237500
2 0.307031 0.710938 0.173437 0.203125
10 0.380469 0.744531 0.057813 0.070312
2 0.423438 0.706250 0.178125 0.193750
8 0.523438 0.681250 0.153125 0.143750
2 0.642969 0.878125 0.085938 0.243750
1 0.631250 0.871094 0.062500 0.257812
3 0.632812 0.857031 0.065625 0.242188
10 0.653906 0.960156 0.042188 0.070312
0 0.701562 0.846094 0.181250 0.289062
1 0.830469 0.816406 0.145313 0.295312