4 0.238281 0.305469 0.129688 0.167187
9 0.324219 0.300781 0.089063 0.176563
8 0.440625 0.335938 0.137500 0.106250
2 0.585938 0.329688 0.128125 0.118750
0 0.717969 0.313281 0.139063 0.151562
0 0.853125 0.309375 0.125000 0.159375
0 0.250000 0.505469 0.146875 0.232813
0 0.332031 0.486719 0.073438 0.195312
1 0.025000 0.511719 0.050000 0.245312
9 0.048438 0.517969 0.096875 0.257812
5 0.132812 0.503906 0.128125 0.229687
5 0.536719 0.507812 0.126562 0.237500
1 0.647656 0.498437 0.104688 0.218750
10 0.700000 0.560937 0.034375 0.062500
0 0.741406 0.481250 0.114062 0.184375
0 0.841406 0.474219 0.123438 0.170313