2 0.046094 0.082031 0.092188 0.164062
1 0.038281 0.086719 0.076563 0.173437
5 0.070312 0.085156 0.140625 0.170313
10 0.097656 0.019531 0.064062 0.039062
7 0.207813 0.089063 0.175000 0.178125
1 0.478906 0.254688 0.145313 0.128125
9 0.602344 0.266406 0.214062 0.104688
8 0.761719 0.262500 0.214062 0.112500
0 0.065625 0.621094 0.084375 0.179688
6 0.019531 0.578906 0.039062 0.154688
1 0.019531 0.603906 0.039062 0.154688
1 0.139844 0.635156 0.070312 0.151562
10 0.021875 0.666406 0.021875 0.048438
0 0.659375 0.390625 0.128125 0.143750
1 0.760938 0.396094 0.096875 0.154688
5 0.558594 0.382031 0.114062 0.126562
8 0.466406 0.381250 0.120313 0.125000
10 0.593750 0.425000 0.046875 0.062500