2 0.053125 0.311719 0.106250 0.335938
1 0.051562 0.275000 0.103125 0.353125
5 0.138281 0.255469 0.195312 0.345313
10 0.227344 0.355469 0.070312 0.082812
7 0.289062 0.223438 0.206250 0.362500
6 0.596094 0.308594 0.139063 0.260937
6 0.686719 0.285938 0.129688 0.259375
9 0.774219 0.272656 0.139063 0.264062
8 0.853906 0.256250 0.132812 0.256250
10 0.917969 0.350781 0.023438 0.035937
9 0.936719 0.235937 0.126562 0.253125
1 0.489844 0.317969 0.020313 0.120313
8 0.500000 0.315625 0.040625 0.150000
0 0.036719 0.758594 0.073438 0.276562
0 0.037500 0.744531 0.075000 0.273438
3 0.100781 0.714844 0.135937 0.264062
3 0.179688 0.695312 0.137500 0.268750
1 0.296875 0.664062 0.084375 0.240625
0 0.347656 0.653125 0.132812 0.259375
0 0.420312 0.637500 0.118750 0.237500
10 0.415625 0.749219 0.021875 0.035937
3 0.543750 0.771094 0.128125 0.457813
9 0.592187 0.759375 0.225000 0.481250
10 0.725781 0.927344 0.085938 0.139063
0 0.796875 0.735938 0.281250 0.434375