7 0.372656 0.314844 0.095312 0.289062
7 0.488281 0.317969 0.042188 0.304688
8 0.694531 0.200000 0.157812 0.281250
1 0.839844 0.185938 0.095312 0.284375
10 0.876563 0.302344 0.046875 0.110937
0 0.942969 0.182031 0.114062 0.282813
5 0.083594 0.659375 0.114062 0.159375
2 0.185938 0.657031 0.109375 0.154688
0 0.278125 0.652344 0.109375 0.145313
9 0.378125 0.654687 0.109375 0.150000
10 0.412500 0.685156 0.021875 0.054688
3 0.463281 0.649219 0.092188 0.139063
4 0.546875 0.757812 0.075000 0.356250
0 0.610156 0.753906 0.160938 0.348438
1 0.778906 0.742969 0.082812 0.326562
10 0.796094 0.880469 0.023438 0.051562
0 0.883594 0.739844 0.126562 0.317188