4 0.064062 0.362500 0.128125 0.356250
5 0.181250 0.307031 0.184375 0.351562
10 0.278125 0.439063 0.071875 0.121875
0 0.312500 0.278125 0.196875 0.340625
0 0.408594 0.242969 0.120313 0.329688
1 0.564063 0.320312 0.190625 0.390625
9 0.691406 0.282813 0.235937 0.384375
0 0.841406 0.246875 0.245312 0.415625
0 0.944531 0.192188 0.110937 0.384375
10 0.961719 0.350000 0.076563 0.128125
7 0.025781 0.652344 0.051562 0.192188
0 0.046094 0.635156 0.092188 0.170313
1 0.123438 0.621875 0.081250 0.143750
8 0.029687 0.637500 0.059375 0.175000
10 0.023438 0.701562 0.037500 0.053125
2 0.945312 0.658594 0.109375 0.217188
1 0.875781 0.682813 0.192188 0.265625
1 0.748437 0.710156 0.184375 0.320312