4 0.097656 0.291406 0.132812 0.351562
5 0.253906 0.264844 0.126562 0.348438
10 0.322656 0.412500 0.051562 0.118750
0 0.342187 0.261719 0.053125 0.332813
6 0.546875 0.368750 0.140625 0.321875
2 0.709375 0.365625 0.150000 0.328125
10 0.791406 0.500781 0.057813 0.057813
0 0.874219 0.361719 0.173437 0.335938
0 0.969531 0.357031 0.060937 0.345313
3 0.104688 0.865625 0.128125 0.268750
0 0.241406 0.882812 0.139063 0.234375
1 0.439063 0.709375 0.140625 0.359375
8 0.593750 0.710156 0.221875 0.360938
9 0.787500 0.710938 0.206250 0.362500
10 0.883594 0.806250 0.070312 0.118750
0 0.938281 0.697656 0.123438 0.335938