4 0.096094 0.236719 0.192188 0.420312
2 0.241406 0.303125 0.239063 0.431250
5 0.346875 0.332031 0.084375 0.429688
8 0.753906 0.464062 0.195312 0.362500
8 0.910937 0.472656 0.178125 0.332813
5 0.982031 0.491406 0.035937 0.335938
10 0.796875 0.600000 0.078125 0.118750
1 0.125000 0.770312 0.093750 0.221875
2 0.211719 0.794531 0.145313 0.270313
8 0.322656 0.812500 0.132812 0.278125
10 0.356250 0.951562 0.025000 0.037500
3 0.450781 0.739062 0.123438 0.159375
3 0.571875 0.740625 0.200000 0.162500
5 0.682031 0.771875 0.195312 0.225000
10 0.717187 0.820312 0.075000 0.121875
0 0.847656 0.757812 0.204687 0.196875
1 0.962500 0.788281 0.075000 0.257812