2 0.395313 0.364844 0.109375 0.107813
0 0.270313 0.376563 0.175000 0.084375
2 0.632031 0.176563 0.185938 0.303125
1 0.792188 0.146875 0.125000 0.293750
8 0.892969 0.132031 0.148438 0.264062
10 0.967187 0.224219 0.062500 0.089063
0 0.970313 0.117969 0.059375 0.235937
5 0.028906 0.766406 0.057813 0.276562
2 0.031250 0.767969 0.062500 0.260937
0 0.103906 0.764062 0.135937 0.278125
1 0.254688 0.761719 0.081250 0.251563
10 0.050000 0.870313 0.018750 0.034375
6 0.534375 0.837500 0.168750 0.325000
5 0.689844 0.821094 0.151562 0.339062
10 0.771094 0.934375 0.051562 0.084375
0 0.833594 0.801562 0.176563 0.353125
0 0.946094 0.789844 0.107813 0.367188