2 0.177344 0.252344 0.148438 0.345313
0 0.328125 0.232031 0.156250 0.345313
2 0.560156 0.412500 0.104688 0.268750
0 0.678125 0.405469 0.109375 0.254688
4 0.792969 0.385156 0.098437 0.248438
0 0.904687 0.378906 0.103125 0.235937
10 0.843750 0.489063 0.021875 0.037500
2 0.057031 0.793750 0.114062 0.387500
2 0.052344 0.789062 0.104688 0.378125
0 0.187500 0.784375 0.209375 0.368750
0 0.348438 0.778906 0.162500 0.357812
10 0.273438 0.911719 0.081250 0.117188
4 0.587500 0.672656 0.143750 0.145313
2 0.706250 0.671875 0.134375 0.143750
10 0.760938 0.616406 0.050000 0.032813
2 0.825781 0.678906 0.135937 0.157812
8 0.936719 0.669531 0.120313 0.139063