1 0.281250 0.154688 0.153125 0.293750
0 0.138281 0.195312 0.182812 0.306250
3 0.047656 0.224219 0.095312 0.289062
4 0.052344 0.234375 0.104688 0.268750
5 0.485938 0.228906 0.253125 0.279687
7 0.846094 0.184375 0.245312 0.368750
8 0.662500 0.220312 0.293750 0.296875
8 0.932031 0.184375 0.135937 0.368750
7 0.262500 0.576562 0.175000 0.331250
2 0.311719 0.551562 0.095312 0.312500
1 0.410938 0.715625 0.103125 0.471875
8 0.503906 0.684375 0.289062 0.496875
9 0.692187 0.656250 0.278125 0.493750
10 0.815625 0.793750 0.087500 0.125000
0 0.867969 0.607031 0.264062 0.476562
0 0.963281 0.580469 0.073438 0.423438