1 0.490625 0.372656 0.037500 0.254688
0 0.367188 0.371094 0.118750 0.257812
3 0.228906 0.371094 0.107813 0.257812
4 0.082812 0.363281 0.146875 0.273438
5 0.556250 0.264844 0.093750 0.470313
0 0.582031 0.289062 0.145313 0.421875
0 0.770312 0.292969 0.190625 0.414062
0 0.932813 0.312500 0.134375 0.375000
10 0.646875 0.471875 0.068750 0.056250
3 0.443750 0.869531 0.131250 0.260937
6 0.273438 0.840625 0.190625 0.318750
9 0.096875 0.840625 0.193750 0.318750
1 0.028906 0.823438 0.057813 0.353125
0 0.903906 0.728906 0.185938 0.457813
2 0.696875 0.724219 0.206250 0.448437
2 0.569531 0.728125 0.120313 0.456250