4 0.094531 0.102344 0.189062 0.204687
3 0.266406 0.092188 0.160938 0.184375
10 0.360156 0.110937 0.060937 0.096875
0 0.381250 0.100781 0.115625 0.201563
1 0.725781 0.374219 0.154688 0.445312
9 0.867969 0.348438 0.220312 0.462500
4 0.979688 0.316406 0.040625 0.445312
4 0.033594 0.704688 0.067187 0.171875
1 0.157812 0.692187 0.078125 0.146875
0 0.261719 0.691406 0.145313 0.145313
0 0.382812 0.694531 0.112500 0.151562
10 0.206250 0.714063 0.037500 0.056250
9 0.489063 0.748437 0.100000 0.259375
9 0.519531 0.747656 0.160938 0.257812
9 0.641406 0.736719 0.242188 0.235937
10 0.760938 0.653906 0.087500 0.070312
0 0.832812 0.742188 0.250000 0.246875