2 0.041406 0.082031 0.082812 0.164062
2 0.472656 0.187500 0.126562 0.281250
2 0.713281 0.188281 0.117188 0.270313
0 0.594531 0.188281 0.132812 0.282813
0 0.830469 0.206250 0.135937 0.300000
0 0.942187 0.207031 0.115625 0.279687
10 0.753906 0.293750 0.035937 0.059375
6 0.039062 0.528906 0.078125 0.139063
6 0.033594 0.525781 0.067187 0.132812
6 0.032813 0.525781 0.065625 0.132812
10 0.028125 0.475781 0.040625 0.032813
9 0.103906 0.529687 0.139063 0.140625
5 0.479687 0.840625 0.140625 0.318750
4 0.589063 0.842969 0.131250 0.295312
0 0.684375 0.850000 0.134375 0.300000
5 0.785156 0.860938 0.139063 0.278125
10 0.811719 0.983594 0.023438 0.032813
9 0.874219 0.849219 0.135937 0.301563