2 0.322656 0.246094 0.232813 0.414062
5 0.788281 0.207813 0.114062 0.193750
0 0.868750 0.187500 0.112500 0.193750
10 0.918750 0.247656 0.034375 0.067187
0 0.946094 0.174219 0.101562 0.204687
0 0.979688 0.146094 0.040625 0.192188
1 0.050000 0.679688 0.100000 0.340625
0 0.128125 0.676562 0.237500 0.334375
0 0.282031 0.657031 0.220312 0.295312
10 0.357812 0.722656 0.062500 0.085938
0 0.373437 0.629687 0.131250 0.240625
5 0.491406 0.717187 0.104688 0.412500
0 0.508594 0.696875 0.139063 0.375000
0 0.660937 0.675781 0.200000 0.332813
0 0.832812 0.666406 0.228125 0.314063
0 0.960938 0.646094 0.078125 0.273438