3 0.104688 0.221094 0.203125 0.095312
0 0.277344 0.214062 0.214062 0.109375
0 0.409375 0.207031 0.159375 0.123438
4 0.525781 0.176563 0.073438 0.184375
6 0.532031 0.177344 0.085938 0.182812
0 0.661719 0.164844 0.170313 0.207813
4 0.034375 0.571875 0.068750 0.290625
4 0.036719 0.566406 0.073438 0.273438
10 0.070312 0.653906 0.046875 0.085938
0 0.122656 0.546875 0.142187 0.278125
0 0.236719 0.537500 0.132812 0.290625
2 0.669531 0.707812 0.167187 0.315625
1 0.831250 0.695312 0.153125 0.334375
8 0.923438 0.672656 0.150000 0.326562
10 0.983594 0.770312 0.032813 0.084375
0 0.980469 0.659375 0.039062 0.331250