6 0.056250 0.133594 0.112500 0.267188
3 0.114062 0.145313 0.203125 0.290625
10 0.165625 0.230469 0.075000 0.135937
0 0.265625 0.160156 0.187500 0.320312
4 0.662500 0.146875 0.181250 0.293750
3 0.846094 0.138281 0.148438 0.276562
10 0.894531 0.260937 0.057813 0.093750
0 0.953906 0.157031 0.092188 0.314063
6 0.253906 0.830469 0.098437 0.210938
0 0.324219 0.833594 0.070312 0.204687
10 0.351562 0.923438 0.015625 0.062500
2 0.420312 0.795312 0.121875 0.334375
3 0.550781 0.806250 0.160938 0.318750
1 0.704688 0.808594 0.115625 0.301563
10 0.740625 0.925000 0.050000 0.090625
0 0.817187 0.841406 0.159375 0.317188
0 0.937500 0.841406 0.125000 0.317188