6 0.070312 0.345313 0.140625 0.306250
2 0.216406 0.400000 0.164062 0.290625
10 0.226562 0.524219 0.046875 0.048438
7 0.274219 0.418750 0.070312 0.281250
7 0.135937 0.375000 0.162500 0.296875
1 0.642969 0.270313 0.101562 0.259375
6 0.700781 0.282031 0.167187 0.298438
4 0.803125 0.314844 0.153125 0.267188
3 0.891406 0.339844 0.170313 0.292187
10 0.889844 0.464062 0.035937 0.053125
2 0.948438 0.359375 0.103125 0.284375
4 0.262500 0.832031 0.093750 0.335938
5 0.174219 0.820312 0.235937 0.359375
9 0.579688 0.968750 0.131250 0.062500