5 0.399219 0.279687 0.110937 0.240625
8 0.515625 0.281250 0.109375 0.237500
6 0.626563 0.164062 0.075000 0.328125
7 0.621875 0.173437 0.065625 0.346875
10 0.595313 0.330469 0.012500 0.051562
0 0.629687 0.187500 0.081250 0.375000
0 0.767188 0.192188 0.165625 0.371875
3 0.310937 0.695312 0.084375 0.215625
6 0.389844 0.716406 0.104688 0.239063
10 0.432031 0.785937 0.045312 0.087500
0 0.484375 0.711719 0.100000 0.201563
0 0.558594 0.738281 0.060937 0.239063
0 0.639062 0.721875 0.100000 0.353125
8 0.739844 0.750000 0.160938 0.350000
10 0.794531 0.847656 0.070312 0.139063
5 0.881250 0.755469 0.171875 0.370312
8 0.971875 0.775781 0.056250 0.385937