5 0.307812 0.234375 0.112500 0.212500
8 0.396094 0.258594 0.114062 0.232813
10 0.417969 0.357031 0.023438 0.032813
0 0.492969 0.285156 0.126562 0.242188
7 0.605469 0.104688 0.092188 0.209375
3 0.605469 0.115625 0.092188 0.231250
10 0.579688 0.202344 0.040625 0.092188
0 0.658594 0.136719 0.179688 0.273438
0 0.785156 0.146094 0.179688 0.292187
7 0.182812 0.570312 0.112500 0.103125
3 0.253125 0.574219 0.109375 0.110937
10 0.275781 0.557031 0.032813 0.045312
0 0.339062 0.575000 0.125000 0.112500
2 0.425000 0.575000 0.118750 0.112500
2 0.603125 0.907031 0.087500 0.185938
7 0.594531 0.925781 0.070312 0.148438
3 0.623437 0.942187 0.128125 0.115625
7 0.707812 0.952344 0.134375 0.095312
2 0.788281 0.967187 0.148438 0.065625