7 0.055469 0.349219 0.110937 0.301563
8 0.160156 0.362500 0.182812 0.275000
0 0.297656 0.385156 0.176563 0.229687
1 0.478125 0.414062 0.121875 0.171875
1 0.587500 0.187500 0.096875 0.375000
0 0.600781 0.210156 0.123438 0.385937
8 0.686719 0.264062 0.226562 0.393750
10 0.718750 0.415625 0.075000 0.121875
0 0.841406 0.284375 0.226562 0.400000
0 0.931250 0.316406 0.137500 0.367188
1 0.350000 0.762500 0.128125 0.287500
8 0.443750 0.796094 0.181250 0.307812
2 0.501563 0.829688 0.075000 0.290625
1 0.635156 0.798438 0.192188 0.403125
1 0.806250 0.828906 0.234375 0.342187
4 0.903906 0.851562 0.192188 0.296875