7 0.281250 0.302344 0.240625 0.214062
7 0.452344 0.289062 0.220312 0.240625
7 0.607812 0.285156 0.203125 0.248438
1 0.743750 0.289062 0.068750 0.240625
3 0.751563 0.277344 0.084375 0.264062
0 0.775000 0.268750 0.131250 0.281250
10 0.847656 0.372656 0.076563 0.073438
8 0.899219 0.252344 0.195312 0.314063
4 0.964844 0.230469 0.070312 0.332813
10 0.453125 0.973437 0.056250 0.053125
0 0.494531 0.874219 0.160938 0.251563
0 0.596094 0.853906 0.148438 0.270313
4 0.272656 0.892188 0.173437 0.215625
2 0.173437 0.901563 0.178125 0.196875
2 0.378906 0.882812 0.142187 0.234375
5 0.757031 0.663281 0.095312 0.364063
8 0.776563 0.635938 0.134375 0.365625
9 0.907813 0.600000 0.168750 0.337500
10 0.985156 0.746094 0.029687 0.089063