7 0.058594 0.104688 0.117188 0.209375
7 0.085156 0.115625 0.170313 0.231250
7 0.218750 0.139063 0.212500 0.278125
6 0.369531 0.154688 0.239063 0.309375
10 0.085938 0.181250 0.093750 0.143750
6 0.535156 0.207813 0.092188 0.203125
8 0.603906 0.229687 0.173437 0.159375
0 0.760938 0.236719 0.200000 0.145313
0 0.903125 0.253906 0.187500 0.110937
2 0.056250 0.544531 0.112500 0.439063
9 0.058594 0.603125 0.117188 0.437500
7 0.059375 0.646875 0.118750 0.415625
10 0.056250 0.792969 0.071875 0.110937
0 0.181250 0.679688 0.225000 0.406250
1 0.351562 0.735938 0.187500 0.359375
5 0.806250 0.700000 0.162500 0.318750
2 0.930469 0.722656 0.139063 0.317188
10 0.978125 0.845313 0.043750 0.071875