3 0.088281 0.068750 0.076563 0.137500
0 0.196094 0.065625 0.085938 0.131250
1 0.316406 0.061719 0.048438 0.123438
10 0.353125 0.107813 0.031250 0.087500
8 0.412500 0.073438 0.087500 0.146875
1 0.481250 0.104688 0.043750 0.209375
1 0.802344 0.110937 0.082812 0.221875
4 0.655469 0.107031 0.101562 0.214062
9 0.535156 0.109375 0.101562 0.218750
10 0.710938 0.190625 0.046875 0.075000
6 0.025000 0.685156 0.050000 0.242188
4 0.019531 0.693750 0.039062 0.234375
0 0.019531 0.681250 0.039062 0.240625
1 0.097656 0.678125 0.064062 0.246875
10 0.008594 0.773438 0.017188 0.078125
1 0.471094 0.690625 0.023438 0.268750
9 0.488281 0.703906 0.057813 0.279687
2 0.572656 0.716406 0.101562 0.279687
2 0.678906 0.731250 0.092188 0.278125
8 0.778125 0.744531 0.090625 0.257812
10 0.717187 0.859375 0.015625 0.040625