3 0.232813 0.153906 0.190625 0.307812
0 0.347656 0.201563 0.182812 0.346875
10 0.890625 0.378906 0.100000 0.145313
8 0.839063 0.214844 0.290625 0.429688
5 0.654687 0.176563 0.306250 0.353125
0 0.953125 0.240625 0.093750 0.478125
0 0.401562 0.659375 0.075000 0.200000
2 0.337500 0.650781 0.171875 0.182812
1 0.760938 0.728125 0.078125 0.143750
1 0.820312 0.748437 0.059375 0.121875
5 0.863281 0.760938 0.079687 0.150000
10 0.882031 0.828906 0.020313 0.029687
0 0.923438 0.782813 0.081250 0.140625
0 0.968750 0.799219 0.062500 0.142187