4 0.177344 0.167187 0.182812 0.334375
4 0.303906 0.171094 0.129688 0.342187
10 0.360156 0.335156 0.017188 0.064062
6 0.471094 0.338281 0.185938 0.301563
4 0.654687 0.353906 0.168750 0.270313
0 0.828125 0.361719 0.175000 0.254688
2 0.043750 0.565625 0.087500 0.153125
2 0.069531 0.569531 0.139063 0.160938
1 0.023438 0.554688 0.046875 0.131250
1 0.020313 0.558594 0.040625 0.139063
8 0.035156 0.567969 0.070312 0.157812
5 0.021094 0.531250 0.042188 0.084375
2 0.471094 0.599219 0.173437 0.220312
3 0.605469 0.611719 0.160938 0.245312
8 0.717969 0.617188 0.151562 0.256250
10 0.751563 0.720313 0.043750 0.071875
0 0.828906 0.640625 0.164062 0.303125
0 0.943750 0.649219 0.112500 0.317188