2 0.057813 0.130469 0.115625 0.260937
1 0.121094 0.142187 0.160938 0.284375
6 0.223438 0.164844 0.187500 0.329688
10 0.255469 0.288281 0.057813 0.095312
0 0.339062 0.178906 0.159375 0.351562
1 0.653906 0.199219 0.126562 0.317188
2 0.768750 0.215625 0.190625 0.337500
0 0.905469 0.226562 0.185938 0.321875
10 0.953906 0.376563 0.054688 0.096875
5 0.982031 0.267969 0.035937 0.332813
5 0.301563 0.961719 0.153125 0.076563
2 0.508594 0.720313 0.179688 0.240625
3 0.638281 0.738281 0.173437 0.276562
8 0.750781 0.746875 0.164062 0.293750
10 0.777344 0.871094 0.048438 0.073438
0 0.860156 0.787500 0.176563 0.328125
0 0.954688 0.816406 0.090625 0.323437