2 0.062500 0.425000 0.125000 0.328125
1 0.181250 0.427344 0.156250 0.323437
6 0.285156 0.410156 0.182812 0.357812
10 0.370312 0.542188 0.056250 0.093750
0 0.421094 0.407031 0.189062 0.351562
0 0.540625 0.398438 0.137500 0.356250
5 0.796094 0.056250 0.110937 0.112500
0 0.872656 0.060156 0.126562 0.120313
10 0.927344 0.057031 0.042188 0.082812
0 0.944531 0.062500 0.110937 0.125000
0 0.205469 0.703125 0.217188 0.228125
2 0.368750 0.698438 0.212500 0.218750
10 0.466406 0.621875 0.082812 0.065625
0 0.521094 0.698438 0.176563 0.218750
6 0.708594 0.871875 0.198437 0.256250
8 0.877344 0.865625 0.245312 0.268750