1 0.039062 0.438281 0.078125 0.160938
1 0.175781 0.410156 0.164062 0.217188
7 0.068750 0.418750 0.137500 0.200000
0 0.306250 0.403906 0.159375 0.229687
0 0.441406 0.388281 0.176563 0.260937
2 0.741406 0.388281 0.242188 0.260937
2 0.903906 0.370312 0.192188 0.296875
8 0.231250 0.564844 0.096875 0.092188
7 0.313281 0.563281 0.082812 0.089063
10 0.359375 0.560156 0.043750 0.079687
5 0.385937 0.569531 0.100000 0.101562
7 0.467969 0.563281 0.085938 0.089063
1 0.573438 0.914062 0.028125 0.171875
2 0.583594 0.907813 0.048438 0.184375
9 0.593750 0.898438 0.068750 0.203125
0 0.678906 0.889844 0.101562 0.220312
0 0.789844 0.884375 0.104688 0.231250