10 0.337500 0.014844 0.028125 0.029687
4 0.391406 0.051562 0.073438 0.103125
4 0.122656 0.047656 0.092188 0.095312
1 0.230469 0.051562 0.057813 0.103125
1 0.303125 0.050781 0.062500 0.101562
0 0.880469 0.320312 0.101562 0.256250
0 0.967187 0.321875 0.065625 0.240625
4 0.771875 0.323437 0.096875 0.253125
6 0.666406 0.319531 0.101562 0.248438
2 0.592187 0.323437 0.046875 0.243750
10 0.822656 0.414062 0.035937 0.065625
10 0.152344 0.760938 0.045312 0.053125
2 0.225781 0.660156 0.110937 0.248438
1 0.031250 0.667188 0.062500 0.243750
2 0.038281 0.666406 0.076563 0.248438
0 0.105469 0.672656 0.095312 0.242188
0 0.586719 0.559375 0.035937 0.215625
0 0.585938 0.564844 0.034375 0.210938
5 0.583594 0.569531 0.029687 0.204687
2 0.582812 0.569531 0.028125 0.201563
4 0.633594 0.574219 0.064062 0.176563
3 0.717969 0.579688 0.054688 0.196875
10 0.756250 0.667188 0.012500 0.018750
4 0.792188 0.577344 0.065625 0.179688