10 0.263281 0.351562 0.051562 0.084375
4 0.311719 0.246875 0.148438 0.271875
4 0.041406 0.308594 0.082812 0.260937
1 0.110156 0.277344 0.132812 0.270313
1 0.200781 0.263281 0.132812 0.264062
6 0.705469 0.292969 0.132812 0.464062
2 0.723437 0.236719 0.168750 0.460938
10 0.842187 0.417969 0.115625 0.160938
0 0.870313 0.221094 0.259375 0.442188
3 0.162500 0.710156 0.181250 0.160938
8 0.313281 0.710156 0.176563 0.160938
0 0.457813 0.713281 0.196875 0.167187
10 0.542969 0.653906 0.060937 0.048438
0 0.567187 0.717187 0.143750 0.175000
7 0.790625 0.901563 0.231250 0.196875
7 0.919531 0.891406 0.160938 0.217188