2 0.354687 0.160938 0.146875 0.321875
1 0.239063 0.177344 0.140625 0.348438
1 0.103125 0.207813 0.131250 0.350000
2 0.556250 0.458594 0.190625 0.220312
8 0.723437 0.460938 0.190625 0.215625
7 0.878125 0.460156 0.153125 0.217188
0 0.972656 0.460938 0.054688 0.215625
6 0.061719 0.831250 0.123438 0.337500
6 0.056250 0.814844 0.112500 0.370312
6 0.186719 0.805469 0.220312 0.389062
2 0.372656 0.796875 0.154688 0.406250
4 0.493750 0.892188 0.087500 0.215625
1 0.557031 0.892188 0.073438 0.215625
6 0.690625 0.883594 0.162500 0.232813
0 0.886719 0.875781 0.173437 0.248438