0 0.388281 0.314063 0.123438 0.340625
2 0.290625 0.282031 0.193750 0.335938
1 0.175781 0.253906 0.192188 0.357812
1 0.064062 0.232031 0.128125 0.357812
4 0.846875 0.455469 0.134375 0.248438
6 0.940625 0.487500 0.118750 0.253125
10 0.977344 0.606250 0.045312 0.087500
4 0.064844 0.836719 0.129688 0.273438
7 0.047656 0.849219 0.095312 0.298438
10 0.017188 0.959375 0.034375 0.081250
0 0.082812 0.850000 0.165625 0.300000
0 0.200781 0.869531 0.235937 0.260937
0 0.825781 0.850000 0.298438 0.300000
0 0.935156 0.850000 0.129688 0.300000
2 0.628125 0.850000 0.328125 0.300000
2 0.540625 0.846094 0.181250 0.292187