4 0.393750 0.426563 0.184375 0.343750
3 0.495312 0.425781 0.046875 0.348438
5 0.661719 0.179688 0.114062 0.309375
5 0.757812 0.183594 0.112500 0.270313
6 0.848437 0.182812 0.093750 0.303125
3 0.942969 0.184375 0.107813 0.250000
10 0.983594 0.300000 0.026562 0.053125
7 0.044531 0.717969 0.089063 0.235937
7 0.135156 0.734375 0.154688 0.268750
7 0.298438 0.738281 0.153125 0.276562
6 0.441406 0.739062 0.154688 0.278125
10 0.196875 0.817187 0.075000 0.134375
7 0.543750 0.692187 0.050000 0.184375
0 0.625781 0.710938 0.101562 0.221875
10 0.675000 0.771094 0.040625 0.051562
0 0.739062 0.704688 0.118750 0.209375
1 0.885938 0.703906 0.100000 0.207813