5 0.061719 0.248438 0.123438 0.362500
1 0.074219 0.275781 0.145313 0.307812
0 0.232813 0.279687 0.259375 0.300000
0 0.392188 0.304688 0.234375 0.250000
1 0.624219 0.078906 0.089063 0.157812
5 0.700000 0.082812 0.159375 0.165625
3 0.829688 0.085156 0.162500 0.170313
6 0.935937 0.105469 0.128125 0.210938
10 0.873437 0.146875 0.084375 0.134375
1 0.282813 0.511719 0.075000 0.157812
4 0.331250 0.526563 0.084375 0.162500
6 0.392188 0.538281 0.090625 0.173437
10 0.407031 0.609375 0.039062 0.056250
0 0.458594 0.548438 0.085938 0.150000
2 0.516406 0.574219 0.092188 0.167187
8 0.935156 0.581250 0.129688 0.290625