5 0.082812 0.192969 0.165625 0.385937
1 0.294531 0.167187 0.092188 0.334375
10 0.337500 0.311719 0.056250 0.092188
0 0.457813 0.192188 0.203125 0.384375
0 0.585156 0.197656 0.107813 0.395313
6 0.684375 0.109375 0.090625 0.218750
8 0.679688 0.110156 0.081250 0.220312
0 0.810156 0.109375 0.148438 0.218750
10 0.707031 0.171094 0.042188 0.073438
7 0.142187 0.892969 0.137500 0.214062
7 0.281250 0.900781 0.125000 0.198437
0 0.419531 0.900000 0.142187 0.200000
1 0.649219 0.574219 0.020313 0.148438
8 0.663281 0.573438 0.048438 0.146875
0 0.710156 0.577344 0.098437 0.154688
0 0.835938 0.577344 0.096875 0.154688
0 0.953125 0.575781 0.093750 0.151562
10 0.764844 0.633594 0.023438 0.048438