5 0.044531 0.215625 0.089063 0.378125
0 0.044531 0.193750 0.089063 0.343750
0 0.139063 0.171875 0.175000 0.334375
0 0.277344 0.158594 0.182812 0.317188
10 0.064844 0.307031 0.042188 0.073438
4 0.603906 0.175000 0.129688 0.350000
7 0.731250 0.168750 0.203125 0.337500
10 0.821875 0.261719 0.078125 0.145313
0 0.896094 0.147656 0.207813 0.295312
1 0.028125 0.776563 0.056250 0.275000
9 0.034375 0.772656 0.068750 0.267188
3 0.031250 0.767188 0.062500 0.290625
10 0.027344 0.855469 0.048438 0.076563
0 0.075781 0.775000 0.142187 0.296875
1 0.192188 0.746875 0.121875 0.250000
0 0.576562 0.700781 0.075000 0.264062
3 0.572656 0.688281 0.067187 0.239063
5 0.574219 0.684375 0.070312 0.231250
5 0.653906 0.660156 0.145313 0.182812
2 0.586719 0.670312 0.095312 0.203125
10 0.719531 0.713281 0.032813 0.064062
9 0.742188 0.646875 0.134375 0.156250