5 0.036719 0.266406 0.073438 0.454688
0 0.168750 0.270313 0.159375 0.412500
0 0.371094 0.271094 0.151562 0.398438
0 0.507031 0.270313 0.085938 0.403125
10 0.256250 0.426563 0.037500 0.087500
7 0.916406 0.287500 0.114062 0.278125
6 0.047656 0.672656 0.095312 0.226562
9 0.136719 0.672656 0.192188 0.226562
10 0.210938 0.597656 0.056250 0.076563
0 0.320312 0.671875 0.171875 0.225000
0 0.481250 0.678125 0.137500 0.237500
7 0.566406 0.924219 0.032813 0.151562
6 0.621875 0.923438 0.081250 0.153125
0 0.743750 0.915625 0.084375 0.168750
1 0.891406 0.910937 0.023438 0.178125