5 0.066406 0.252344 0.132812 0.504687
7 0.214062 0.275000 0.243750 0.487500
0 0.385156 0.289062 0.207813 0.459375
10 0.264062 0.472656 0.087500 0.092188
0 0.519531 0.350000 0.060937 0.275000
8 0.557031 0.369531 0.114062 0.260937
7 0.655469 0.375781 0.107813 0.254688
2 0.743750 0.389844 0.125000 0.257812
4 0.842969 0.401562 0.114062 0.234375
3 0.937500 0.404687 0.125000 0.228125
5 0.232813 0.597656 0.096875 0.157812
2 0.086719 0.566406 0.098437 0.095312
10 0.257812 0.641406 0.037500 0.057813
0 0.160156 0.575781 0.114062 0.114062
0 0.310937 0.596875 0.093750 0.156250
0 0.391406 0.603906 0.104688 0.170313
4 0.564844 0.846875 0.151562 0.306250
8 0.641406 0.871094 0.239063 0.257812
0 0.835156 0.873437 0.229687 0.253125