5 0.060156 0.143750 0.120313 0.287500
7 0.057813 0.142969 0.115625 0.285938
0 0.200781 0.156250 0.226562 0.312500
1 0.401562 0.160938 0.175000 0.321875
10 0.074219 0.253125 0.079687 0.121875
0 0.763281 0.316406 0.076563 0.176563
6 0.639844 0.284375 0.073438 0.153125
1 0.707031 0.303906 0.054688 0.154688
1 0.838281 0.325000 0.064062 0.150000
10 0.724219 0.364844 0.020313 0.045312
1 0.031250 0.596094 0.062500 0.314063
2 0.151562 0.599219 0.178125 0.320312
0 0.345313 0.604688 0.171875 0.331250
10 0.410938 0.749219 0.084375 0.135937
8 0.465625 0.618750 0.046875 0.359375
2 0.638281 0.938281 0.076563 0.123438
0 0.708594 0.946875 0.076563 0.106250
5 0.791406 0.947656 0.070312 0.104688
6 0.860938 0.948438 0.078125 0.103125
8 0.937500 0.952344 0.078125 0.095312