2 0.050000 0.127344 0.100000 0.254688
1 0.266406 0.156250 0.160938 0.312500
10 0.279687 0.280469 0.059375 0.110937
0 0.392188 0.187500 0.209375 0.375000
0 0.499219 0.230469 0.139063 0.398438
0 0.115625 0.149219 0.225000 0.298438
0 0.609375 0.395313 0.081250 0.309375
3 0.624219 0.400000 0.110937 0.300000
5 0.695312 0.414844 0.156250 0.270313
5 0.867188 0.430469 0.156250 0.239063
2 0.781250 0.427344 0.140625 0.245312
9 0.941406 0.446875 0.117188 0.206250
2 0.060156 0.718750 0.120313 0.337500
3 0.096094 0.742969 0.192188 0.385937
0 0.271094 0.771875 0.220312 0.425000
0 0.438281 0.803906 0.217188 0.392188
10 0.314844 0.950000 0.089063 0.100000
3 0.834375 0.827344 0.184375 0.345313
4 0.939844 0.850000 0.120313 0.300000