1 0.019531 0.335156 0.039062 0.276562
3 0.025781 0.319531 0.051562 0.298438
0 0.030469 0.323437 0.060937 0.290625
5 0.091406 0.314844 0.104688 0.301563
10 0.145313 0.431250 0.031250 0.053125
7 0.204687 0.306250 0.100000 0.278125
6 0.866406 0.214844 0.129688 0.307812
8 0.980469 0.202344 0.039062 0.314063
2 0.023438 0.892188 0.046875 0.215625
1 0.081250 0.885938 0.062500 0.228125
5 0.159375 0.885938 0.081250 0.228125
10 0.213281 0.981250 0.023438 0.037500
0 0.266406 0.889062 0.095312 0.221875
1 0.554688 0.948438 0.071875 0.103125
0 0.648438 0.938281 0.121875 0.123438
0 0.759375 0.929688 0.112500 0.140625
0 0.871875 0.937500 0.109375 0.125000