1 0.042969 0.347656 0.085938 0.082812
3 0.103125 0.328906 0.140625 0.120313
0 0.207813 0.325000 0.156250 0.128125
5 0.304688 0.312500 0.140625 0.153125
7 0.416406 0.307812 0.132812 0.162500
0 0.900781 0.122656 0.182812 0.245312
7 0.815625 0.136719 0.093750 0.273438
10 0.972656 0.179688 0.054688 0.087500
2 0.208594 0.741406 0.182812 0.298438
1 0.347656 0.727344 0.135937 0.298438
6 0.454688 0.730469 0.162500 0.326562
10 0.511719 0.848437 0.048438 0.078125
7 0.575000 0.721094 0.134375 0.317188
8 0.680469 0.712500 0.176563 0.287500
0 0.810156 0.910937 0.082812 0.178125
1 0.791406 0.897656 0.045312 0.204687
0 0.807031 0.884375 0.076563 0.231250
5 0.803125 0.867969 0.068750 0.264062
3 0.800000 0.855469 0.062500 0.289062
9 0.803125 0.832812 0.068750 0.303125
10 0.828906 0.945312 0.023438 0.037500
9 0.856250 0.880469 0.068750 0.145313