4 0.062500 0.484375 0.125000 0.090625
0 0.153125 0.475000 0.146875 0.109375
5 0.252344 0.475000 0.151562 0.109375
9 0.333594 0.453125 0.148438 0.153125
4 0.675781 0.392969 0.145313 0.273438
1 0.848437 0.378125 0.096875 0.290625
10 0.899219 0.496875 0.029687 0.043750
0 0.935937 0.365625 0.128125 0.318750
5 0.319531 0.870313 0.170313 0.259375
5 0.489844 0.861719 0.154688 0.276562
4 0.682031 0.748437 0.164062 0.437500
7 0.663281 0.742188 0.126562 0.425000
10 0.624219 0.858594 0.048438 0.185938
0 0.718750 0.718750 0.237500 0.378125