3 0.360938 0.374219 0.137500 0.279687
7 0.446875 0.396094 0.043750 0.282813
4 0.578906 0.236719 0.214062 0.410938
2 0.743750 0.248438 0.228125 0.406250
10 0.787500 0.414062 0.093750 0.134375
0 0.892969 0.286719 0.214062 0.426563
6 0.068750 0.875000 0.137500 0.250000
7 0.088281 0.875000 0.176563 0.250000
0 0.201563 0.875000 0.240625 0.250000
1 0.372656 0.875000 0.192188 0.250000
3 0.734375 0.844531 0.225000 0.189062
8 0.865625 0.841406 0.209375 0.182812
10 0.894531 0.796094 0.064062 0.092188
0 0.950781 0.835156 0.098437 0.170313