5 0.052344 0.258594 0.104688 0.242188
5 0.113281 0.259375 0.160938 0.240625
6 0.202344 0.242188 0.148438 0.275000
3 0.294531 0.240625 0.154688 0.265625
4 0.385937 0.226562 0.146875 0.259375
10 0.360156 0.345313 0.035937 0.056250
1 0.611719 0.113281 0.085938 0.226562
0 0.641406 0.105469 0.145313 0.210938
0 0.857031 0.073438 0.179688 0.146875
0 0.946094 0.079687 0.107813 0.159375
8 0.729688 0.091406 0.190625 0.182812
10 0.823438 0.129688 0.059375 0.078125
1 0.048438 0.643750 0.096875 0.303125
7 0.124219 0.610156 0.185938 0.314063
5 0.253125 0.594531 0.187500 0.323437
10 0.346094 0.688281 0.060937 0.073438
0 0.383594 0.547656 0.195312 0.329688
0 0.492969 0.539062 0.151562 0.318750
0 0.600000 0.511719 0.062500 0.264062
0 0.607031 0.500000 0.076563 0.240625
0 0.605469 0.491406 0.073438 0.223438
2 0.603906 0.481250 0.070312 0.203125
6 0.663281 0.473438 0.132812 0.187500
3 0.760938 0.464062 0.118750 0.168750
0 0.844531 0.457031 0.129688 0.154688
10 0.816406 0.517188 0.020313 0.037500