5 0.254688 0.240625 0.150000 0.321875
5 0.349219 0.262500 0.142187 0.284375
6 0.402344 0.280469 0.054688 0.310937
1 0.555469 0.392969 0.082812 0.251563
7 0.657031 0.403125 0.114062 0.231250
5 0.763281 0.415625 0.110937 0.206250
0 0.867969 0.429688 0.120313 0.178125
0 0.956250 0.438281 0.087500 0.160938
1 0.053906 0.887500 0.107813 0.225000
4 0.160938 0.901563 0.187500 0.196875
7 0.294531 0.917969 0.173437 0.164062
10 0.678125 0.627344 0.065625 0.085938
0 0.790625 0.614844 0.206250 0.192188
1 0.935156 0.623437 0.129688 0.209375
4 0.640625 0.607812 0.190625 0.178125
2 0.509375 0.612500 0.159375 0.187500