9 0.065625 0.227344 0.131250 0.304688
8 0.190625 0.218750 0.134375 0.321875
10 0.257031 0.344531 0.035937 0.070312
0 0.299219 0.221875 0.079687 0.315625
2 0.361719 0.244531 0.045312 0.226562
1 0.468750 0.242188 0.056250 0.240625
5 0.546094 0.241406 0.076563 0.232813
10 0.598437 0.336719 0.021875 0.042188
0 0.653125 0.246094 0.090625 0.223438
0 0.047656 0.599219 0.095312 0.439063
0 0.096875 0.597656 0.193750 0.435937
9 0.253906 0.608594 0.170313 0.457813
5 0.467187 0.507031 0.209375 0.254688
8 0.678125 0.511719 0.203125 0.264062
10 0.765625 0.596094 0.065625 0.154688
0 0.884375 0.503125 0.215625 0.246875