1 0.020313 0.549219 0.040625 0.254688
3 0.021875 0.557813 0.043750 0.262500
3 0.039062 0.537500 0.078125 0.234375
8 0.026562 0.543750 0.053125 0.234375
6 0.023438 0.552344 0.046875 0.226562
2 0.446875 0.351562 0.140625 0.346875
5 0.607812 0.351562 0.106250 0.334375
5 0.760938 0.356250 0.093750 0.328125
0 0.899219 0.350781 0.114062 0.320312
10 0.821094 0.486719 0.026562 0.048438
0 0.228125 0.963281 0.121875 0.073438
0 0.115625 0.964844 0.103125 0.070312
0 0.723437 0.942969 0.168750 0.114062
0 0.899219 0.914062 0.179688 0.171875
4 0.531250 0.931250 0.171875 0.137500