1 0.008594 0.335156 0.017188 0.145313
7 0.012500 0.335938 0.025000 0.156250
2 0.026562 0.338281 0.053125 0.157812
10 0.055469 0.406250 0.014063 0.025000
0 0.097656 0.344531 0.060937 0.157812
0 0.170313 0.355469 0.065625 0.157812
1 0.458594 0.190625 0.057813 0.381250
0 0.468750 0.196094 0.078125 0.392188
8 0.505469 0.210156 0.148438 0.389062
10 0.574219 0.374219 0.064062 0.129688
0 0.672656 0.227344 0.173437 0.420312
1 0.880469 0.228906 0.101562 0.357812
5 0.034375 0.931250 0.068750 0.137500
2 0.042188 0.933594 0.084375 0.132812
0 0.139844 0.927344 0.110937 0.145313
0 0.235156 0.923438 0.120313 0.153125
2 0.467969 0.837500 0.076563 0.325000
2 0.735938 0.836719 0.131250 0.326562
0 0.586719 0.835156 0.148438 0.329688
0 0.882812 0.835938 0.150000 0.328125
0 0.980469 0.839844 0.039062 0.320312
10 0.793750 0.965625 0.040625 0.068750