7 0.040625 0.210156 0.081250 0.332813
2 0.039062 0.185938 0.078125 0.312500
2 0.179688 0.148438 0.146875 0.287500
5 0.088281 0.161719 0.157812 0.323437
0 0.252344 0.139844 0.132812 0.279687
10 0.228125 0.253906 0.040625 0.060937
3 0.335156 0.282031 0.032813 0.142187
3 0.334375 0.274219 0.031250 0.129688
8 0.575781 0.264062 0.123438 0.246875
7 0.665625 0.233594 0.112500 0.242188
3 0.744531 0.223438 0.114062 0.256250
3 0.824219 0.206250 0.123438 0.250000
10 0.881250 0.300000 0.018750 0.034375
2 0.903125 0.190625 0.128125 0.246875
5 0.048438 0.678125 0.096875 0.156250
4 0.037500 0.671094 0.075000 0.142187
10 0.012500 0.635938 0.025000 0.071875
0 0.040625 0.671094 0.081250 0.142187
0 0.064062 0.664062 0.128125 0.128125
1 0.960156 0.911719 0.079687 0.176563
4 0.600000 0.957031 0.209375 0.085938
0 0.733594 0.946094 0.173437 0.107813
0 0.866406 0.933594 0.192188 0.132812