1 0.079687 0.332031 0.128125 0.154688
0 0.385156 0.363281 0.151562 0.092188
5 0.271875 0.353906 0.140625 0.110937
6 0.174219 0.343750 0.145313 0.131250
3 0.859375 0.101562 0.103125 0.203125
9 0.938281 0.103906 0.107813 0.207813
10 0.964063 0.178906 0.031250 0.048438
0 0.985938 0.103125 0.028125 0.187500
5 0.185938 0.489844 0.109375 0.160938
2 0.313281 0.505469 0.120313 0.192188
0 0.433594 0.513281 0.129688 0.207813
10 0.346875 0.594531 0.021875 0.042188
2 0.585938 0.754687 0.153125 0.356250
3 0.732031 0.772656 0.192188 0.357812
7 0.882812 0.792188 0.171875 0.356250
10 0.921094 0.942187 0.054688 0.100000
0 0.971875 0.819531 0.056250 0.360938