1 0.035937 0.303125 0.071875 0.284375
1 0.284375 0.221094 0.134375 0.267188
0 0.145313 0.246875 0.165625 0.262500
5 0.057031 0.285156 0.114062 0.301563
6 0.039844 0.292187 0.079687 0.281250
10 0.095312 0.355469 0.046875 0.064062
1 0.789062 0.363281 0.125000 0.232813
9 0.855469 0.353906 0.126562 0.242188
4 0.940625 0.338281 0.118750 0.223438
10 0.988281 0.415625 0.023438 0.081250
7 0.060937 0.791406 0.121875 0.164062
0 0.136719 0.789062 0.148438 0.159375
3 0.219531 0.776563 0.132812 0.134375
8 0.294531 0.774219 0.132812 0.129688
10 0.347656 0.777344 0.035937 0.067187
2 0.382031 0.775781 0.135937 0.132812
1 0.014063 0.772656 0.028125 0.126562
8 0.022656 0.771875 0.045312 0.125000
4 0.919531 0.912500 0.160938 0.175000