0 0.051562 0.222656 0.103125 0.389062
0 0.129688 0.246875 0.153125 0.340625
0 0.245312 0.255469 0.150000 0.342187
0 0.546875 0.284375 0.137500 0.318750
5 0.350781 0.263281 0.142187 0.320312
3 0.450000 0.283594 0.128125 0.310937
10 0.588281 0.424219 0.023438 0.032813
8 0.634375 0.115625 0.031250 0.187500
9 0.666406 0.129688 0.085938 0.181250
0 0.748437 0.145313 0.087500 0.190625
10 0.779687 0.232813 0.015625 0.021875
7 0.846875 0.170313 0.078125 0.193750
5 0.921094 0.185938 0.079687 0.206250
10 0.325000 0.616406 0.043750 0.032813
0 0.504687 0.667969 0.150000 0.135937
0 0.391406 0.669531 0.129688 0.139063
6 0.282031 0.664844 0.120313 0.129688
2 0.180469 0.671875 0.135937 0.143750
2 0.071094 0.667969 0.120313 0.135937
3 0.750000 0.770312 0.181250 0.340625
7 0.896094 0.756250 0.157812 0.312500
6 0.976562 0.760156 0.046875 0.320312