7 0.083594 0.199219 0.167187 0.304688
3 0.182031 0.222656 0.148438 0.276562
10 0.207031 0.326562 0.051562 0.081250
0 0.292969 0.244531 0.173437 0.298438
1 0.422656 0.257812 0.139063 0.281250
6 0.595313 0.126562 0.153125 0.253125
6 0.750000 0.129688 0.284375 0.259375
3 0.612500 0.117188 0.187500 0.234375
10 0.604688 0.092969 0.096875 0.132812
2 0.142187 0.585938 0.284375 0.353125
7 0.332031 0.603906 0.282813 0.389062
5 0.435156 0.632031 0.167187 0.445312
10 0.506250 0.735156 0.025000 0.110937
6 0.666406 0.670312 0.192188 0.293750
6 0.781250 0.723437 0.171875 0.290625
10 0.812500 0.822656 0.056250 0.076563
0 0.908594 0.741406 0.182812 0.304688
0 0.967969 0.765625 0.064062 0.303125