3 0.051562 0.178125 0.103125 0.303125
3 0.198437 0.147656 0.143750 0.292187
3 0.357812 0.127344 0.143750 0.254688
10 0.333594 0.230469 0.045312 0.076563
9 0.273438 0.132812 0.143750 0.265625
9 0.114062 0.160156 0.159375 0.304688
6 0.525781 0.060156 0.092188 0.120313
6 0.617188 0.057813 0.121875 0.115625
0 0.730469 0.061719 0.135937 0.123438
0 0.843750 0.060937 0.134375 0.121875
10 0.691406 0.008594 0.023438 0.017188
2 0.081250 0.568750 0.162500 0.368750
1 0.239844 0.560937 0.164062 0.350000
8 0.352344 0.555469 0.189062 0.370312
10 0.439063 0.684375 0.068750 0.106250
0 0.437500 0.574219 0.084375 0.410938
1 0.524219 0.593750 0.089063 0.393750
0 0.535156 0.571875 0.110937 0.406250
8 0.589844 0.555469 0.210938 0.373437
10 0.699219 0.684375 0.085938 0.137500
0 0.756250 0.552344 0.240625 0.367188
1 0.939063 0.510156 0.121875 0.282813