9 0.115625 0.026562 0.050000 0.053125
1 0.160156 0.024219 0.035937 0.048438
10 0.173437 0.013281 0.015625 0.026562
10 0.207031 0.024219 0.035937 0.048438
10 0.248438 0.024219 0.037500 0.048438
4 0.812500 0.035937 0.059375 0.071875
0 0.878906 0.034375 0.051562 0.068750
0 0.950781 0.037500 0.057813 0.075000
10 0.908594 0.044531 0.010937 0.017188
3 0.032031 0.571875 0.064062 0.246875
3 0.132812 0.583594 0.128125 0.245312
5 0.224219 0.595313 0.114062 0.300000
10 0.266406 0.692187 0.045312 0.093750
0 0.355469 0.582812 0.129688 0.234375
1 0.449219 0.590625 0.020313 0.281250
0 0.489063 0.786719 0.059375 0.320312
3 0.490625 0.802344 0.062500 0.314063
6 0.581250 0.819531 0.109375 0.314063
6 0.696094 0.827344 0.104688 0.307812
2 0.805469 0.849219 0.098437 0.301563
0 0.916406 0.853125 0.104688 0.293750
10 0.852344 0.992969 0.017188 0.014063