9 0.243750 0.184375 0.075000 0.137500
1 0.298438 0.194531 0.056250 0.126562
10 0.312500 0.241406 0.025000 0.048438
10 0.357812 0.190625 0.053125 0.125000
10 0.407813 0.203906 0.056250 0.123438
1 0.537500 0.159375 0.115625 0.318750
8 0.633594 0.183594 0.170313 0.367188
0 0.747656 0.189062 0.164062 0.378125
9 0.860938 0.185156 0.140625 0.323437
10 0.887500 0.321094 0.034375 0.076563
5 0.946094 0.200781 0.107813 0.332813
2 0.053125 0.859375 0.106250 0.281250
1 0.035156 0.880469 0.070312 0.239063
6 0.060937 0.875781 0.121875 0.248438
0 0.172656 0.891406 0.173437 0.217188
0 0.316406 0.901563 0.173437 0.196875
4 0.804688 0.706250 0.190625 0.175000
6 0.928906 0.714063 0.142187 0.190625
10 0.979688 0.732031 0.040625 0.092188