5 0.080469 0.243750 0.160938 0.390625
3 0.210938 0.260156 0.150000 0.357812
7 0.300000 0.261719 0.059375 0.342187
3 0.538281 0.309375 0.167187 0.334375
6 0.679688 0.327344 0.156250 0.320312
10 0.743750 0.445312 0.050000 0.071875
3 0.831250 0.342187 0.146875 0.350000
9 0.946094 0.338281 0.107813 0.310937
0 0.060156 0.817969 0.120313 0.364063
0 0.170313 0.840625 0.253125 0.318750
9 0.054688 0.814844 0.109375 0.370312
3 0.063281 0.781250 0.126562 0.437500
1 0.641406 0.608594 0.085938 0.117188
7 0.721094 0.613281 0.101562 0.126562
6 0.800000 0.610156 0.103125 0.120313
10 0.841406 0.628125 0.032813 0.062500
0 0.896094 0.607031 0.098437 0.114062
0 0.968750 0.614062 0.062500 0.128125