5 0.050000 0.112500 0.100000 0.212500
3 0.082812 0.135156 0.165625 0.167187
7 0.210938 0.144531 0.159375 0.148438
1 0.328125 0.171875 0.121875 0.093750
6 0.418750 0.168750 0.143750 0.100000
10 0.644531 0.026562 0.057813 0.053125
0 0.768750 0.107031 0.225000 0.214062
0 0.917969 0.108594 0.164062 0.217188
4 0.612500 0.103125 0.165625 0.206250
5 0.582812 0.109375 0.106250 0.218750
1 0.042188 0.526563 0.084375 0.334375
3 0.110937 0.547656 0.171875 0.385937
6 0.215625 0.560937 0.159375 0.359375
9 0.330469 0.564063 0.173437 0.334375
10 0.358594 0.714063 0.039062 0.068750
3 0.442188 0.592187 0.159375 0.337500
0 0.560156 0.523438 0.060937 0.271875
8 0.557813 0.542188 0.056250 0.259375
7 0.556250 0.549219 0.053125 0.251563
2 0.584375 0.569531 0.109375 0.267188
4 0.677344 0.583594 0.114062 0.248438
3 0.771875 0.603125 0.125000 0.278125
10 0.696094 0.712500 0.017188 0.028125