1 0.100781 0.251563 0.129688 0.343750
8 0.200781 0.250781 0.182812 0.395313
0 0.316406 0.239844 0.176563 0.382812
9 0.425000 0.207813 0.153125 0.328125
10 0.491406 0.331250 0.035937 0.075000
5 0.485938 0.199219 0.065625 0.335938
2 0.546094 0.116406 0.054688 0.232813
2 0.549219 0.109375 0.060937 0.218750
10 0.528906 0.182812 0.020313 0.034375
0 0.584375 0.099219 0.131250 0.198437
0 0.698438 0.091406 0.140625 0.182812
7 0.054688 0.809375 0.109375 0.381250
2 0.055469 0.800000 0.110937 0.362500
10 0.017188 0.921875 0.034375 0.109375
0 0.071094 0.800781 0.142187 0.364063
0 0.198437 0.781250 0.243750 0.325000
0 0.659375 0.801562 0.128125 0.256250
0 0.753125 0.784375 0.125000 0.259375
5 0.844531 0.771875 0.114062 0.256250
2 0.934375 0.756250 0.118750 0.246875
2 0.807031 0.950781 0.073438 0.098437
4 0.980469 0.733594 0.039062 0.229687