1 0.035156 0.301563 0.070312 0.343750
8 0.049219 0.287500 0.098437 0.384375
0 0.050000 0.274219 0.100000 0.382812
9 0.110937 0.234375 0.165625 0.325000
10 0.184375 0.352344 0.040625 0.076563
5 0.210938 0.217969 0.159375 0.335938
3 0.642969 0.332031 0.170313 0.295312
3 0.785937 0.317188 0.206250 0.325000
5 0.899219 0.292187 0.201563 0.375000
10 0.973437 0.399219 0.053125 0.123438
0 0.975000 0.237500 0.050000 0.312500
1 0.039062 0.755469 0.078125 0.385937
1 0.032031 0.698438 0.064062 0.356250
2 0.103125 0.688281 0.181250 0.370312
10 0.207813 0.792188 0.059375 0.078125
0 0.264062 0.654687 0.203125 0.350000
1 0.391406 0.619531 0.054688 0.279687
2 0.767188 0.675781 0.118750 0.232813
4 0.874219 0.653125 0.114062 0.240625
7 0.959375 0.619531 0.081250 0.242188