6 0.157812 0.171094 0.143750 0.298438
6 0.285156 0.166406 0.173437 0.326562
10 0.360156 0.272656 0.035937 0.079687
5 0.401562 0.150000 0.115625 0.300000
2 0.696875 0.189844 0.121875 0.304688
3 0.834375 0.170313 0.128125 0.318750
0 0.957031 0.165625 0.085938 0.303125
3 0.031250 0.798438 0.062500 0.306250
6 0.119531 0.789844 0.123438 0.298438
10 0.199219 0.913281 0.035937 0.057813
0 0.270313 0.774219 0.146875 0.292187
1 0.432031 0.752344 0.054688 0.285938
9 0.832812 0.594531 0.187500 0.310937
2 0.946875 0.584375 0.106250 0.290625