6 0.109375 0.296875 0.131250 0.290625
6 0.236719 0.310937 0.160938 0.318750
10 0.299219 0.426563 0.032813 0.078125
5 0.371094 0.309375 0.132812 0.306250
4 0.500781 0.342187 0.139063 0.309375
1 0.679688 0.263281 0.050000 0.282813
8 0.787500 0.277344 0.128125 0.320312
6 0.927344 0.281250 0.117188 0.303125
10 0.991406 0.414062 0.017188 0.046875
2 0.212500 0.696094 0.071875 0.092188
4 0.310937 0.700781 0.075000 0.101562
5 0.395313 0.694531 0.056250 0.089063
10 0.432031 0.679688 0.023438 0.046875
0 0.479687 0.698438 0.084375 0.096875
0 0.565625 0.696875 0.081250 0.093750
2 0.647656 0.731250 0.076563 0.162500
4 0.642188 0.728125 0.065625 0.156250
6 0.718750 0.730469 0.140625 0.160938
10 0.775781 0.670312 0.042188 0.040625
0 0.848437 0.739062 0.134375 0.178125
0 0.956250 0.732031 0.087500 0.164062