2 0.164062 0.078125 0.171875 0.156250
2 0.510938 0.069531 0.078125 0.139063
1 0.283594 0.060937 0.092188 0.121875
1 0.464844 0.059375 0.079687 0.118750
8 0.353125 0.071094 0.137500 0.142187
5 0.021875 0.042188 0.043750 0.084375
1 0.585938 0.150000 0.071875 0.300000
5 0.639062 0.150000 0.178125 0.300000
3 0.779687 0.151562 0.143750 0.296875
10 0.821875 0.278906 0.056250 0.042188
0 0.914844 0.151562 0.170313 0.296875
4 0.056250 0.654687 0.112500 0.437500
2 0.173437 0.680469 0.209375 0.426563
5 0.347656 0.671094 0.179688 0.382812
10 0.405469 0.796094 0.054688 0.095312
0 0.475000 0.669531 0.150000 0.385937
1 0.589063 0.478906 0.078125 0.357812
4 0.596094 0.500000 0.092188 0.350000
8 0.591406 0.496094 0.082812 0.357812
10 0.567187 0.631250 0.034375 0.118750
0 0.633594 0.520312 0.167187 0.362500
0 0.766406 0.532031 0.182812 0.351562