2 0.048438 0.191406 0.096875 0.320312
2 0.330469 0.123438 0.154688 0.246875
1 0.085156 0.168750 0.110937 0.246875
1 0.259375 0.124219 0.096875 0.239063
8 0.153125 0.154688 0.159375 0.290625
5 0.023438 0.189062 0.046875 0.175000
3 0.555469 0.142969 0.092188 0.285938
4 0.570312 0.131250 0.121875 0.262500
5 0.682031 0.114844 0.179688 0.229687
10 0.791406 0.181250 0.064062 0.096875
0 0.845313 0.114062 0.212500 0.228125
5 0.149219 0.830469 0.185938 0.339062
4 0.255469 0.795312 0.154688 0.300000
0 0.354687 0.790625 0.162500 0.331250
5 0.439844 0.768750 0.139063 0.300000
10 0.506250 0.876563 0.006250 0.043750
9 0.479687 0.729688 0.059375 0.312500
9 0.713281 0.573438 0.092188 0.109375
3 0.801562 0.577344 0.106250 0.117188
0 0.889062 0.571875 0.103125 0.106250
2 0.964844 0.573438 0.070312 0.109375
10 0.865625 0.603125 0.025000 0.040625