2 0.044531 0.064062 0.089063 0.128125
9 0.122656 0.054688 0.085938 0.109375
0 0.213281 0.057813 0.092188 0.115625
0 0.298438 0.066406 0.106250 0.132812
10 0.157031 0.090625 0.029687 0.078125
0 0.510156 0.142969 0.060937 0.285938
0 0.518750 0.151562 0.078125 0.303125
8 0.598437 0.157031 0.128125 0.314063
7 0.705469 0.165625 0.117188 0.306250
0 0.796094 0.191406 0.129688 0.295312
1 0.907813 0.191406 0.084375 0.307812
10 0.927344 0.321094 0.029687 0.064062
3 0.969531 0.269531 0.060937 0.157812
1 0.108594 0.669531 0.085938 0.339062
0 0.254688 0.669531 0.159375 0.339062
7 0.431250 0.675000 0.096875 0.350000
5 0.711719 0.867969 0.129688 0.264062
7 0.854688 0.875000 0.100000 0.250000
9 0.957031 0.875000 0.085938 0.250000