2 0.121094 0.340625 0.101562 0.253125
9 0.207813 0.343750 0.081250 0.218750
0 0.300000 0.354687 0.087500 0.209375
0 0.384375 0.356250 0.100000 0.231250
10 0.244531 0.435156 0.029687 0.076563
8 0.612500 0.285938 0.103125 0.284375
5 0.725000 0.281250 0.100000 0.278125
10 0.771094 0.400781 0.020313 0.045312
0 0.838281 0.293750 0.101562 0.243750
4 0.949219 0.296875 0.101562 0.259375
6 0.247656 0.850000 0.160938 0.300000
3 0.407813 0.850000 0.143750 0.300000
10 0.445312 0.946875 0.068750 0.106250
2 0.510156 0.771875 0.060937 0.143750
1 0.660156 0.777344 0.060937 0.154688
2 0.764844 0.775000 0.126562 0.150000
10 0.821875 0.821875 0.025000 0.034375
0 0.907031 0.775000 0.120313 0.150000