7 0.032813 0.482031 0.065625 0.267188
0 0.032031 0.478125 0.064062 0.262500
6 0.035156 0.471875 0.070312 0.268750
7 0.050000 0.461719 0.100000 0.260937
8 0.115625 0.453125 0.134375 0.250000
2 0.411719 0.303125 0.123438 0.456250
1 0.515625 0.244531 0.128125 0.407813
10 0.592969 0.417969 0.045312 0.054688
5 0.665625 0.215625 0.215625 0.431250
9 0.870313 0.185156 0.228125 0.370312
1 0.127344 0.955469 0.145313 0.089063
1 0.239844 0.962500 0.151562 0.075000
0 0.299219 0.946875 0.101562 0.106250
1 0.504687 0.842969 0.159375 0.314063
7 0.632812 0.842969 0.221875 0.314063
2 0.778125 0.849219 0.215625 0.301563
10 0.856250 0.966406 0.078125 0.067187
3 0.910937 0.832031 0.178125 0.335938