7 0.075000 0.115625 0.125000 0.231250
0 0.157812 0.127344 0.125000 0.254688
6 0.247656 0.152344 0.135937 0.270313
7 0.331250 0.173437 0.118750 0.262500
8 0.407031 0.192969 0.126562 0.248438
2 0.666406 0.248438 0.073438 0.281250
1 0.651563 0.267969 0.043750 0.242188
1 0.730469 0.285938 0.082812 0.206250
0 0.840625 0.292187 0.165625 0.193750
0 0.950781 0.303125 0.098437 0.171875
2 0.208594 0.566406 0.145313 0.270313
0 0.313281 0.599219 0.145313 0.292187
0 0.542188 0.642188 0.162500 0.271875
0 0.599219 0.673438 0.060937 0.303125
7 0.430469 0.610938 0.154688 0.287500
10 0.453906 0.715625 0.051562 0.093750
6 0.682031 0.573438 0.104688 0.368750
3 0.730469 0.584375 0.201563 0.387500
10 0.769531 0.729688 0.073438 0.128125
0 0.875781 0.620313 0.198437 0.381250
0 0.960156 0.650781 0.079687 0.429688