1 0.022656 0.446875 0.045312 0.143750
0 0.029687 0.443750 0.059375 0.150000
2 0.030469 0.442188 0.060937 0.153125
5 0.038281 0.456250 0.076563 0.125000
0 0.108594 0.460938 0.110937 0.115625
6 0.625000 0.169531 0.143750 0.339062
5 0.789844 0.172656 0.129688 0.342187
10 0.842187 0.321094 0.034375 0.054688
0 0.936719 0.201563 0.126562 0.328125
4 0.103906 0.642969 0.117188 0.248438
0 0.225000 0.652344 0.103125 0.267188
10 0.271875 0.755469 0.028125 0.045312
0 0.353906 0.654687 0.117188 0.265625
0 0.425000 0.675781 0.028125 0.289062
4 0.598437 0.885938 0.109375 0.228125
3 0.729688 0.877344 0.087500 0.245312
10 0.778906 0.972656 0.023438 0.039062
0 0.852344 0.873437 0.114062 0.253125
0 0.954688 0.875000 0.090625 0.250000