1 0.032813 0.251563 0.065625 0.303125
0 0.039844 0.261719 0.079687 0.314063
2 0.064062 0.280469 0.128125 0.323437
5 0.140625 0.310156 0.156250 0.292187
0 0.227344 0.323437 0.148438 0.271875
5 0.633594 0.310156 0.067187 0.273438
0 0.639844 0.326562 0.079687 0.265625
10 0.628125 0.449219 0.021875 0.020313
0 0.716406 0.337500 0.154688 0.243750
0 0.871094 0.360938 0.098437 0.196875
5 0.102344 0.583594 0.204687 0.248438
6 0.235156 0.604688 0.192188 0.290625
0 0.362500 0.619531 0.187500 0.310937
0 0.495312 0.635938 0.190625 0.318750
10 0.271094 0.705469 0.079687 0.098437
2 0.718750 0.666406 0.237500 0.414062
0 0.875000 0.693750 0.250000 0.412500
9 0.960156 0.717969 0.079687 0.401562