3 0.148438 0.217969 0.071875 0.160938
9 0.210938 0.207031 0.075000 0.179688
10 0.236719 0.271875 0.023438 0.037500
0 0.279687 0.207031 0.071875 0.148438
0 0.343750 0.217969 0.065625 0.170313
1 0.471875 0.180469 0.075000 0.267188
7 0.570312 0.169531 0.106250 0.264062
7 0.696094 0.175000 0.095312 0.259375
0 0.794531 0.182812 0.117188 0.246875
10 0.725000 0.282813 0.021875 0.046875
1 0.946875 0.167969 0.068750 0.260937
2 0.025781 0.644531 0.051562 0.232813
1 0.013281 0.647656 0.026562 0.248438
2 0.043750 0.648438 0.087500 0.243750
10 0.077344 0.759375 0.020313 0.028125
0 0.149219 0.660937 0.104688 0.240625
1 0.284375 0.660937 0.062500 0.231250
3 0.467969 0.776563 0.076563 0.350000
1 0.460156 0.782031 0.060937 0.314063
2 0.525000 0.803906 0.153125 0.360938
6 0.639062 0.810937 0.137500 0.334375
10 0.664062 0.944531 0.028125 0.057813
2 0.741406 0.808594 0.145313 0.342187