3 0.102344 0.294531 0.110937 0.207813
9 0.175000 0.260937 0.118750 0.231250
10 0.227344 0.329688 0.032813 0.050000
0 0.258594 0.239063 0.110937 0.193750
0 0.339844 0.231250 0.107813 0.218750
5 0.729688 0.326562 0.259375 0.306250
5 0.885156 0.311719 0.220312 0.335938
10 0.970313 0.448437 0.059375 0.062500
0 0.959375 0.293750 0.081250 0.371875
2 0.091406 0.630469 0.182812 0.301563
7 0.368750 0.589063 0.162500 0.218750
6 0.224219 0.617188 0.210938 0.275000
2 0.564844 0.636719 0.154688 0.307812
2 0.705469 0.625000 0.167187 0.290625
6 0.843750 0.608594 0.159375 0.257812
10 0.931250 0.683594 0.028125 0.039062
0 0.951562 0.593750 0.096875 0.228125