2 0.033594 0.144531 0.067187 0.289062
2 0.453906 0.199219 0.070312 0.301563
7 0.240625 0.170313 0.106250 0.309375
10 0.279687 0.279687 0.040625 0.078125
0 0.353906 0.185156 0.132812 0.310937
0 0.110937 0.146094 0.137500 0.292187
0 0.525781 0.149219 0.073438 0.298438
0 0.524219 0.146875 0.070312 0.293750
0 0.582812 0.150781 0.128125 0.301563
5 0.688281 0.154688 0.123438 0.309375
4 0.791406 0.145313 0.110937 0.290625
2 0.881250 0.156250 0.100000 0.303125
10 0.916406 0.287500 0.029687 0.053125
8 0.960938 0.154688 0.078125 0.306250
6 0.221875 0.682031 0.109375 0.185938
8 0.310937 0.696875 0.087500 0.212500
10 0.343750 0.763281 0.037500 0.064062
0 0.398438 0.693750 0.093750 0.206250
0 0.472656 0.697656 0.032813 0.173437
5 0.586719 0.764844 0.092188 0.264062
0 0.703125 0.768750 0.115625 0.271875
10 0.751563 0.881250 0.018750 0.031250
0 0.820312 0.765625 0.112500 0.265625
0 0.975000 0.772656 0.050000 0.254688