2 0.106250 0.079687 0.171875 0.159375
7 0.359375 0.080469 0.140625 0.160938
10 0.384375 0.115625 0.050000 0.081250
0 0.235937 0.077344 0.171875 0.154688
2 0.476562 0.090625 0.093750 0.181250
3 0.479687 0.091406 0.100000 0.182812
7 0.555469 0.090625 0.182812 0.181250
10 0.589844 0.113281 0.057813 0.101562
0 0.714063 0.093750 0.206250 0.187500
0 0.868750 0.112500 0.228125 0.225000
2 0.170313 0.642188 0.159375 0.300000
1 0.353906 0.669531 0.101562 0.310937
2 0.403125 0.683594 0.053125 0.310937
1 0.542188 0.666406 0.118750 0.279687
1 0.764062 0.712500 0.125000 0.268750
1 0.976562 0.742969 0.046875 0.279687
0 0.875000 0.722656 0.171875 0.292187
6 0.635938 0.668750 0.153125 0.290625
10 0.782031 0.827344 0.054688 0.073438