3 0.010937 0.464844 0.021875 0.154688
0 0.058594 0.471094 0.051562 0.154688
0 0.134375 0.469531 0.050000 0.154688
0 0.200781 0.460156 0.051562 0.142187
10 0.098437 0.529687 0.012500 0.031250
5 0.671875 0.400781 0.231250 0.435937
5 0.847656 0.393750 0.160938 0.431250
10 0.946875 0.554688 0.053125 0.128125
0 0.973437 0.403906 0.053125 0.426563
7 0.247656 0.724219 0.104688 0.210938
6 0.350781 0.723437 0.104688 0.209375
10 0.403906 0.797656 0.010937 0.076563
3 0.463281 0.807813 0.107813 0.378125
4 0.503125 0.809375 0.187500 0.381250
10 0.588281 0.932031 0.073438 0.129688
0 0.722656 0.800781 0.214062 0.364063
0 0.913281 0.804688 0.173437 0.371875