0 0.127344 0.505469 0.195312 0.148438
4 0.260156 0.501563 0.185938 0.156250
4 0.477344 0.481250 0.170313 0.196875
4 0.539062 0.467187 0.059375 0.225000
1 0.400000 0.497656 0.134375 0.164062
4 0.650781 0.303125 0.164062 0.553125
7 0.678906 0.289844 0.220312 0.579688
10 0.779687 0.503125 0.096875 0.153125
0 0.867969 0.284375 0.264062 0.568750
2 0.250000 0.756250 0.178125 0.303125
3 0.385156 0.739062 0.167187 0.312500
8 0.493750 0.727344 0.150000 0.295312
10 0.557031 0.831250 0.023438 0.075000
0 0.549219 0.735938 0.039062 0.312500
2 0.882031 0.882031 0.139063 0.235937
9 0.961719 0.873437 0.076563 0.253125