0 0.045312 0.246094 0.090625 0.367188
0 0.082031 0.254688 0.164062 0.350000
4 0.214844 0.267969 0.167187 0.323437
4 0.442188 0.274219 0.153125 0.310937
10 0.489844 0.410156 0.039062 0.039062
1 0.358594 0.279687 0.117188 0.300000
1 0.589063 0.255469 0.137500 0.348438
0 0.729688 0.271875 0.193750 0.315625
9 0.905469 0.287500 0.167187 0.284375
4 0.077344 0.793750 0.154688 0.359375
0 0.214844 0.807813 0.160938 0.368750
10 0.272656 0.950781 0.054688 0.089063
0 0.364063 0.821875 0.178125 0.356250
2 0.594531 0.596094 0.151562 0.332813
1 0.739844 0.610156 0.135937 0.323437
6 0.844531 0.621875 0.157812 0.365625
10 0.893750 0.763281 0.050000 0.092188
0 0.948438 0.642188 0.103125 0.343750