0 0.043750 0.164062 0.087500 0.328125
0 0.068750 0.174219 0.137500 0.348438
0 0.168750 0.205469 0.162500 0.357812
6 0.267969 0.218750 0.151562 0.337500
8 0.370312 0.244531 0.156250 0.329688
0 0.465625 0.256250 0.146875 0.312500
10 0.502344 0.395313 0.035937 0.056250
4 0.528906 0.282813 0.079687 0.293750
1 0.608594 0.170313 0.079687 0.340625
0 0.618750 0.175000 0.100000 0.350000
8 0.623437 0.194531 0.109375 0.389062
10 0.627344 0.340625 0.064062 0.121875
0 0.736719 0.193750 0.195312 0.387500
0 0.885938 0.227344 0.212500 0.404687
5 0.151562 0.693750 0.253125 0.468750
8 0.352344 0.750781 0.245312 0.451562
10 0.401562 0.925781 0.081250 0.148438
0 0.499219 0.769531 0.139063 0.457813
4 0.629687 0.848437 0.121875 0.256250
5 0.721875 0.861719 0.121875 0.254688
10 0.752344 0.971094 0.045312 0.057813
0 0.822656 0.865625 0.132812 0.268750
1 0.936719 0.883594 0.095312 0.232813