0 0.129688 0.210938 0.200000 0.359375
0 0.246094 0.186719 0.185938 0.370312
0 0.366406 0.187500 0.185938 0.362500
6 0.432031 0.169531 0.114062 0.339062
1 0.648438 0.567187 0.118750 0.065625
3 0.720313 0.548438 0.146875 0.103125
0 0.824219 0.546094 0.164062 0.107813
5 0.920312 0.534375 0.150000 0.131250
2 0.068750 0.805469 0.137500 0.389062
2 0.149219 0.800000 0.273438 0.400000
1 0.347656 0.804688 0.192188 0.390625
6 0.521094 0.778125 0.064062 0.262500
3 0.556250 0.763281 0.121875 0.260937
0 0.645312 0.751563 0.121875 0.253125
10 0.714063 0.850781 0.012500 0.023438
2 0.735156 0.737500 0.123438 0.253125