2 0.088281 0.164062 0.176563 0.328125
7 0.381250 0.162500 0.056250 0.325000
6 0.253125 0.172656 0.140625 0.345313
1 0.437500 0.259375 0.056250 0.181250
0 0.511719 0.253906 0.098437 0.192188
2 0.610156 0.249219 0.101562 0.201563
5 0.707812 0.259375 0.096875 0.181250
0 0.798438 0.260937 0.090625 0.178125
5 0.360156 0.760938 0.098437 0.306250
0 0.896875 0.517969 0.125000 0.326562
0 0.978125 0.523438 0.043750 0.340625
5 0.755469 0.524219 0.126562 0.301563
3 0.631250 0.528906 0.106250 0.335938
2 0.473438 0.537500 0.121875 0.312500
10 0.827344 0.661719 0.051562 0.095312