2 0.132031 0.166406 0.264062 0.332813
7 0.387500 0.210156 0.084375 0.389062
6 0.291406 0.192969 0.232813 0.385937
9 0.708594 0.174219 0.182812 0.348438
1 0.876563 0.210156 0.109375 0.323437
10 0.870313 0.352344 0.037500 0.064062
6 0.946875 0.250000 0.106250 0.325000
6 0.095312 0.731250 0.190625 0.203125
4 0.264844 0.728906 0.235937 0.198437
10 0.307031 0.803906 0.045312 0.067187
0 0.379688 0.756250 0.100000 0.253125
5 0.480469 0.733594 0.101562 0.207813
7 0.543750 0.739844 0.131250 0.220312
10 0.558594 0.836719 0.067187 0.107813
0 0.635938 0.753125 0.146875 0.246875
1 0.746094 0.777344 0.114062 0.229687