0 0.176563 0.148438 0.140625 0.296875
0 0.280469 0.150000 0.139063 0.300000
8 0.376563 0.137500 0.134375 0.275000
2 0.471875 0.130469 0.118750 0.260937
2 0.562500 0.131250 0.134375 0.262500
10 0.625000 0.218750 0.025000 0.043750
4 0.624219 0.108594 0.051562 0.217188
9 0.704688 0.183594 0.109375 0.367188
9 0.869531 0.162500 0.260937 0.325000
6 0.112500 0.684375 0.159375 0.378125
0 0.259375 0.672656 0.146875 0.335938
0 0.417969 0.655469 0.157812 0.342187
0 0.556250 0.654687 0.162500 0.362500
10 0.346875 0.792188 0.075000 0.118750
2 0.745313 0.589063 0.178125 0.240625
1 0.931250 0.585156 0.121875 0.232813