9 0.309375 0.052344 0.118750 0.104688
5 0.388281 0.046875 0.101562 0.093750
0 0.465625 0.048438 0.121875 0.096875
2 0.552344 0.051562 0.123438 0.103125
10 0.444531 0.025000 0.042188 0.050000
0 0.927344 0.260156 0.145313 0.217188
7 0.843750 0.275000 0.171875 0.187500
2 0.060156 0.602344 0.120313 0.301563
1 0.159375 0.585938 0.153125 0.300000
6 0.266406 0.587500 0.182812 0.328125
10 0.333594 0.703906 0.051562 0.079687
7 0.385156 0.575781 0.151562 0.317188
8 0.493750 0.567187 0.196875 0.290625
5 0.733594 0.656250 0.089063 0.328125
7 0.756250 0.616406 0.134375 0.304688
10 0.817969 0.720313 0.032813 0.050000
9 0.861719 0.588281 0.167187 0.314063
2 0.946875 0.550781 0.106250 0.298438