9 0.021094 0.215625 0.042188 0.203125
5 0.057813 0.209375 0.071875 0.184375
0 0.136719 0.203906 0.092188 0.189062
2 0.225000 0.202344 0.090625 0.201563
10 0.103906 0.281250 0.032813 0.062500
6 0.687500 0.337500 0.125000 0.312500
0 0.814063 0.342969 0.112500 0.285938
10 0.884375 0.464062 0.021875 0.031250
0 0.942969 0.341406 0.114062 0.285938
7 0.039062 0.910937 0.078125 0.178125
4 0.039844 0.900781 0.079687 0.198437
0 0.096094 0.893750 0.160938 0.212500
0 0.260937 0.881250 0.137500 0.237500
1 0.578125 0.639062 0.087500 0.140625
8 0.678125 0.642969 0.140625 0.148438
2 0.788281 0.638281 0.129688 0.139063
10 0.858594 0.644531 0.048438 0.082812
0 0.914844 0.642969 0.129688 0.148438