4 0.055469 0.466406 0.110937 0.126562
0 0.142969 0.469531 0.120313 0.120313
5 0.242969 0.475781 0.123438 0.107813
9 0.332031 0.482031 0.107813 0.095312
9 0.420312 0.488281 0.109375 0.082812
8 0.557813 0.194531 0.112500 0.285938
6 0.688281 0.217188 0.117188 0.287500
0 0.821875 0.235156 0.121875 0.289062
1 0.977344 0.241406 0.045312 0.273438
1 0.741406 0.337500 0.026562 0.043750
7 0.062500 0.764844 0.125000 0.470313
2 0.092969 0.764844 0.185938 0.470313
10 0.149219 0.952344 0.101562 0.095312
0 0.303906 0.764844 0.270313 0.470313
4 0.892188 0.650000 0.134375 0.240625
4 0.971094 0.653906 0.057813 0.248438