4 0.038281 0.511719 0.076563 0.154688
0 0.114062 0.507031 0.109375 0.164062
5 0.214062 0.503906 0.112500 0.170313
9 0.303125 0.503125 0.096875 0.171875
9 0.392969 0.502344 0.098437 0.173437
2 0.622656 0.164062 0.067187 0.328125
8 0.632812 0.160156 0.087500 0.320312
7 0.774219 0.138281 0.107813 0.276562
10 0.844531 0.269531 0.029687 0.048438
0 0.917969 0.145313 0.145313 0.290625
6 0.380469 0.652344 0.089063 0.126562
6 0.491406 0.645312 0.085938 0.112500
10 0.556250 0.681250 0.018750 0.034375
3 0.737500 0.807813 0.153125 0.384375
6 0.977344 0.803906 0.045312 0.354687
6 0.886719 0.811719 0.154688 0.335938
10 0.965625 0.931250 0.043750 0.078125