7 0.121875 0.221875 0.168750 0.296875
4 0.211719 0.258594 0.173437 0.298438
4 0.391406 0.310156 0.154688 0.257812
10 0.421094 0.423438 0.039062 0.031250
9 0.305469 0.288281 0.173437 0.301563
2 0.485938 0.324219 0.159375 0.229687
2 0.758594 0.265625 0.157812 0.346875
5 0.885156 0.292187 0.179688 0.293750
5 0.975000 0.316406 0.050000 0.245312
1 0.489063 0.700781 0.146875 0.304688
2 0.327344 0.652344 0.204687 0.326562
4 0.582812 0.725000 0.171875 0.306250
0 0.648438 0.760156 0.062500 0.307812
10 0.609375 0.857812 0.056250 0.081250
7 0.969531 0.510156 0.060937 0.142187