7 0.208594 0.128906 0.142187 0.257812
4 0.300781 0.142969 0.145313 0.285938
4 0.483594 0.180469 0.129688 0.270313
10 0.517969 0.302344 0.032813 0.073438
9 0.396875 0.160156 0.143750 0.295312
2 0.579688 0.196875 0.134375 0.268750
3 0.938281 0.064844 0.117188 0.129688
1 0.667188 0.032031 0.015625 0.064062
8 0.674219 0.035156 0.029687 0.070312
1 0.882812 0.060937 0.059375 0.121875
5 0.232813 0.764062 0.231250 0.459375
7 0.414844 0.772656 0.210938 0.448437
0 0.575781 0.791406 0.167187 0.417187
10 0.473438 0.948438 0.065625 0.103125
10 0.816406 0.842969 0.089063 0.120313
0 0.922656 0.685156 0.154688 0.451562
8 0.764844 0.674219 0.210938 0.429688
4 0.731250 0.670312 0.143750 0.421875