5 0.324219 0.228125 0.189062 0.318750
1 0.399219 0.260937 0.039062 0.328125
7 0.757031 0.173437 0.114062 0.246875
0 0.852344 0.214062 0.142187 0.293750
10 0.886719 0.311719 0.026562 0.042188
0 0.948438 0.222656 0.103125 0.270313
6 0.053125 0.629687 0.106250 0.240625
3 0.104688 0.642969 0.206250 0.267188
10 0.120313 0.722656 0.096875 0.157812
0 0.232031 0.649219 0.214062 0.279687
2 0.340625 0.651563 0.156250 0.284375
2 0.450000 0.876563 0.062500 0.190625
4 0.525000 0.902344 0.106250 0.195312
5 0.607031 0.915625 0.082812 0.168750
10 0.627344 0.987500 0.029687 0.025000
0 0.688281 0.921094 0.114062 0.157812
0 0.771094 0.933594 0.107813 0.132812