3 0.099219 0.353906 0.135937 0.210938
1 0.224219 0.365625 0.107813 0.187500
2 0.321094 0.364844 0.135937 0.189062
6 0.412500 0.375000 0.075000 0.168750
5 0.739062 0.083594 0.084375 0.167187
5 0.830469 0.086719 0.082812 0.173437
10 0.867969 0.133594 0.026562 0.042188
0 0.914062 0.096094 0.093750 0.192188
0 0.981250 0.089063 0.037500 0.178125
2 0.031250 0.675781 0.062500 0.289062
3 0.026562 0.672656 0.053125 0.260937
0 0.046094 0.683594 0.092188 0.289062
0 0.143750 0.679688 0.093750 0.253125
0 0.239844 0.685937 0.092188 0.234375
10 0.082031 0.776563 0.029687 0.071875
5 0.593750 0.535937 0.150000 0.153125
4 0.726562 0.530469 0.118750 0.142187
10 0.770312 0.583594 0.031250 0.057813
0 0.839063 0.533594 0.109375 0.148438
0 0.963281 0.532813 0.073438 0.146875