1 0.057031 0.164062 0.114062 0.328125
1 0.179688 0.160156 0.175000 0.320312
9 0.296875 0.178125 0.187500 0.356250
2 0.432812 0.181250 0.190625 0.362500
10 0.460938 0.314844 0.040625 0.057813
7 0.562500 0.171875 0.150000 0.343750
6 0.750000 0.103125 0.081250 0.206250
8 0.781250 0.110156 0.143750 0.220312
10 0.828125 0.210156 0.034375 0.054688
7 0.942969 0.117188 0.114062 0.234375
1 0.220312 0.675000 0.053125 0.131250
1 0.270313 0.680469 0.046875 0.139063
4 0.314844 0.707031 0.057813 0.139063
10 0.328906 0.763281 0.020313 0.032813
0 0.364844 0.714063 0.070312 0.128125
0 0.417187 0.727344 0.062500 0.139063
5 0.750781 0.817187 0.082812 0.365625
6 0.746875 0.825000 0.075000 0.350000
10 0.717969 0.986719 0.017188 0.026562
0 0.775000 0.837500 0.131250 0.325000
0 0.913281 0.840625 0.173437 0.318750