1 0.051562 0.239844 0.103125 0.414062
1 0.101562 0.253906 0.203125 0.414062
9 0.208594 0.295312 0.229687 0.434375
2 0.342187 0.331250 0.231250 0.412500
10 0.351562 0.486719 0.046875 0.060937
7 0.428125 0.337500 0.103125 0.390625
5 0.605469 0.180469 0.251563 0.360938
9 0.754687 0.179688 0.228125 0.359375
10 0.785156 0.328906 0.092188 0.129688
0 0.893750 0.209375 0.212500 0.418750
1 0.275781 0.929688 0.139063 0.140625
1 0.385937 0.946094 0.137500 0.107813
4 0.882812 0.779687 0.234375 0.390625
4 0.964844 0.821875 0.070312 0.356250