2 0.139844 0.242188 0.151562 0.231250
8 0.237500 0.253125 0.140625 0.231250
10 0.257812 0.343750 0.040625 0.059375
0 0.284375 0.269531 0.050000 0.210938
7 0.724219 0.214844 0.357812 0.429688
7 0.481250 0.181250 0.343750 0.362500
10 0.796875 0.353906 0.131250 0.151562
0 0.900000 0.214844 0.200000 0.429688
3 0.121094 0.639844 0.192188 0.326562
7 0.241406 0.671875 0.135937 0.337500
10 0.282031 0.797656 0.054688 0.085938
0 0.810937 0.882812 0.153125 0.234375
3 0.714063 0.867969 0.131250 0.248438
2 0.606250 0.842969 0.168750 0.257812
10 0.726562 0.970313 0.050000 0.059375