2 0.035937 0.271094 0.071875 0.229687
8 0.081250 0.238281 0.134375 0.232813
10 0.138281 0.312500 0.039062 0.059375
0 0.165625 0.215625 0.121875 0.209375
0 0.247656 0.189062 0.135937 0.234375
3 0.708594 0.074219 0.154688 0.148438
3 0.882031 0.071875 0.139063 0.143750
9 0.943750 0.067187 0.112500 0.134375
9 0.798438 0.074219 0.153125 0.148438
5 0.054688 0.590625 0.109375 0.362500
8 0.121875 0.577344 0.200000 0.335938
10 0.222656 0.685937 0.060937 0.093750
0 0.264844 0.578906 0.195312 0.339062
1 0.403125 0.533594 0.171875 0.248438
1 0.596875 0.602344 0.215625 0.357812
6 0.730469 0.575000 0.204687 0.331250
5 0.849219 0.544531 0.160938 0.270313
10 0.944531 0.650000 0.085938 0.121875
10 0.943750 0.531250 0.112500 0.243750