0 0.032031 0.241406 0.064062 0.285938
0 0.098437 0.229687 0.128125 0.278125
0 0.188281 0.218750 0.123438 0.290625
4 0.314063 0.195312 0.031250 0.240625
3 0.275781 0.208594 0.107813 0.276562
10 0.879687 0.102344 0.053125 0.095312
1 0.705469 0.078125 0.126562 0.156250
2 0.524219 0.085156 0.182812 0.170313
8 0.926562 0.079687 0.146875 0.159375
3 0.803906 0.078125 0.126562 0.156250
1 0.305469 0.785937 0.048438 0.243750
1 0.467969 0.618750 0.067187 0.262500
1 0.591406 0.605469 0.060937 0.264062
9 0.687500 0.597656 0.109375 0.273438
0 0.807813 0.581250 0.121875 0.281250
2 0.938281 0.573438 0.123438 0.265625
10 0.753906 0.703125 0.029687 0.046875