0 0.034375 0.286719 0.068750 0.285938
0 0.035156 0.271094 0.070312 0.276562
0 0.034375 0.257812 0.068750 0.290625
0 0.185938 0.221094 0.115625 0.245312
10 0.238281 0.321094 0.029687 0.054688
7 0.268750 0.203906 0.118750 0.248438
4 0.105469 0.230469 0.126562 0.242188
3 0.045312 0.245312 0.090625 0.278125
10 0.884375 0.485156 0.087500 0.067187
8 0.759375 0.317969 0.240625 0.401562
5 0.564063 0.320312 0.259375 0.396875
0 0.925781 0.307031 0.148438 0.423438
10 0.179688 0.740625 0.056250 0.090625
10 0.089063 0.648438 0.165625 0.259375
0 0.230469 0.646875 0.173437 0.256250
0 0.336719 0.628906 0.104688 0.220312
2 0.045312 0.664062 0.090625 0.290625
2 0.049219 0.676562 0.098437 0.315625
7 0.910937 0.614844 0.178125 0.192188
1 0.800000 0.608594 0.137500 0.179688
10 0.984375 0.576562 0.031250 0.093750