2 0.338281 0.120313 0.073438 0.115625
0 0.396094 0.104688 0.067187 0.115625
8 0.446094 0.084375 0.064062 0.121875
10 0.485938 0.128125 0.012500 0.021875
0 0.497656 0.071094 0.067187 0.120313
0 0.526563 0.053125 0.025000 0.106250
3 0.918750 0.371875 0.162500 0.300000
6 0.075781 0.678906 0.151562 0.179688
0 0.181250 0.680469 0.228125 0.182812
10 0.242188 0.620313 0.071875 0.062500
7 0.307812 0.679688 0.203125 0.181250
6 0.780469 0.664062 0.182812 0.150000
0 0.960938 0.661719 0.078125 0.145313
0 0.900000 0.659375 0.165625 0.140625
10 0.974219 0.667188 0.051562 0.071875