2 0.253906 0.091406 0.057813 0.110937
0 0.313281 0.097656 0.051562 0.114062
8 0.367188 0.096875 0.046875 0.121875
10 0.390625 0.151562 0.009375 0.021875
0 0.420312 0.102344 0.050000 0.117188
0 0.475000 0.099219 0.046875 0.114062
1 0.766406 0.166406 0.073438 0.332813
1 0.774219 0.159375 0.089063 0.318750
7 0.769531 0.151562 0.079687 0.303125
0 0.871094 0.164062 0.151562 0.328125
0 0.961719 0.178906 0.076563 0.357812
10 0.789844 0.277344 0.064062 0.123438
7 0.454688 0.632031 0.159375 0.164062
7 0.563281 0.633594 0.139063 0.167187
10 0.600781 0.635156 0.054688 0.114062
0 0.669531 0.631250 0.120313 0.162500
0 0.760156 0.920312 0.060937 0.159375
0 0.759375 0.927344 0.059375 0.145313
5 0.756250 0.934375 0.053125 0.131250
5 0.757031 0.937500 0.054688 0.125000
5 0.800000 0.939063 0.106250 0.121875
1 0.742969 0.930469 0.026562 0.139063