1 0.067187 0.432812 0.134375 0.212500
3 0.153125 0.412500 0.190625 0.253125
6 0.253906 0.406250 0.176563 0.265625
9 0.363281 0.392969 0.189062 0.292187
10 0.447656 0.525000 0.042188 0.028125
3 0.475781 0.385156 0.176563 0.307812
3 0.880469 0.209375 0.201563 0.343750
6 0.962500 0.184375 0.075000 0.328125
1 0.064844 0.760938 0.129688 0.443750
8 0.210156 0.727344 0.273438 0.376563
1 0.485938 0.685937 0.140625 0.293750
10 0.567969 0.800000 0.067187 0.106250
0 0.621094 0.686719 0.257812 0.295312
1 0.778906 0.634375 0.057813 0.190625
6 0.824219 0.639062 0.148438 0.200000
7 0.950000 0.623437 0.100000 0.168750