3 0.082031 0.267969 0.164062 0.123438
6 0.173437 0.264062 0.171875 0.131250
9 0.282813 0.252344 0.184375 0.154688
3 0.370312 0.246094 0.118750 0.167187
1 0.045312 0.531250 0.090625 0.381250
1 0.329688 0.488281 0.168750 0.317188
4 0.148438 0.503125 0.196875 0.346875
9 0.050781 0.520312 0.101562 0.381250
10 0.246094 0.624219 0.076563 0.101562
1 0.479687 0.650781 0.100000 0.454688
0 0.489063 0.647656 0.118750 0.454688
6 0.560937 0.600781 0.221875 0.442188
10 0.678906 0.750781 0.095312 0.170313
0 0.770312 0.572656 0.250000 0.429688
2 0.911719 0.563281 0.176563 0.467187