1 0.021094 0.182031 0.042188 0.214062
6 0.064844 0.165625 0.129688 0.246875
6 0.164062 0.153906 0.131250 0.270313
10 0.221094 0.251563 0.035937 0.075000
0 0.278125 0.139844 0.131250 0.279687
0 0.388281 0.128125 0.129688 0.256250
4 0.549219 0.099219 0.139063 0.198437
0 0.695312 0.093750 0.175000 0.187500
1 0.863281 0.082031 0.098437 0.164062
10 0.888281 0.013281 0.026562 0.026562
0 0.948438 0.079687 0.103125 0.159375
4 0.046875 0.667969 0.093750 0.382812
9 0.096094 0.635938 0.170313 0.387500
10 0.166406 0.768750 0.064062 0.121875
6 0.239063 0.624219 0.159375 0.360938
7 0.378906 0.587500 0.145313 0.325000
3 0.508594 0.805469 0.057813 0.307812
9 0.589844 0.786719 0.132812 0.326562
10 0.658594 0.895312 0.029687 0.053125
9 0.726562 0.771875 0.121875 0.309375
5 0.857812 0.757031 0.121875 0.295312