1 0.128125 0.182812 0.112500 0.306250
6 0.230469 0.150781 0.170313 0.301563
6 0.333594 0.137500 0.160938 0.275000
10 0.396094 0.183594 0.042188 0.076563
0 0.444531 0.105469 0.157812 0.210938
0 0.506250 0.088281 0.065625 0.176563
6 0.581250 0.437500 0.084375 0.325000
1 0.581250 0.392188 0.084375 0.312500
10 0.635156 0.528906 0.029687 0.045312
0 0.702344 0.375781 0.173437 0.342187
1 0.903906 0.319531 0.126562 0.332813
5 0.325781 0.892188 0.148438 0.215625
4 0.467187 0.882812 0.143750 0.234375
1 0.563281 0.726562 0.048438 0.253125
2 0.635938 0.727344 0.153125 0.254688
6 0.768750 0.714844 0.159375 0.229687
10 0.858594 0.789062 0.039062 0.056250
0 0.917969 0.708594 0.164062 0.217188