1 0.261719 0.267969 0.126562 0.295312
1 0.368750 0.262500 0.125000 0.253125
3 0.421094 0.233594 0.076563 0.295312
4 0.652344 0.395313 0.204687 0.368750
6 0.789062 0.363281 0.187500 0.379688
10 0.878125 0.488281 0.078125 0.104688
0 0.915625 0.331250 0.168750 0.368750
6 0.221094 0.953906 0.160938 0.092188
8 0.374219 0.938281 0.151562 0.123438
1 0.510156 0.786719 0.101562 0.295312
1 0.532031 0.769531 0.145313 0.260937
4 0.625781 0.755469 0.220312 0.232813
10 0.737500 0.801562 0.084375 0.140625
0 0.819531 0.762500 0.273438 0.246875
0 0.942187 0.752344 0.115625 0.226562