1 0.042969 0.058594 0.085938 0.117188
1 0.115625 0.050000 0.103125 0.100000
3 0.190625 0.058594 0.125000 0.117188
10 0.215625 0.069531 0.043750 0.070312
0 0.276562 0.057031 0.125000 0.114062
0 0.362500 0.064844 0.121875 0.129688
1 0.725781 0.059375 0.085938 0.118750
0 0.785937 0.068750 0.134375 0.137500
0 0.868750 0.064844 0.131250 0.129688
8 0.941406 0.067969 0.117188 0.135937
2 0.179688 0.640625 0.184375 0.293750
0 0.299219 0.671875 0.151562 0.309375
6 0.403906 0.688281 0.154688 0.292187
10 0.437500 0.805469 0.062500 0.092188
0 0.513281 0.702344 0.154688 0.264062
0 0.576562 0.734375 0.065625 0.281250
6 0.639062 0.700000 0.059375 0.259375
3 0.637500 0.723437 0.056250 0.256250
0 0.689844 0.746875 0.114062 0.250000
10 0.712500 0.863281 0.012500 0.023438
2 0.778125 0.767969 0.115625 0.251563