6 0.275000 0.142969 0.071875 0.104688
1 0.321875 0.140625 0.050000 0.100000
0 0.355469 0.135937 0.051562 0.100000
0 0.387500 0.125781 0.053125 0.095312
10 0.339844 0.171094 0.014063 0.017188
6 0.600000 0.318750 0.100000 0.340625
1 0.607031 0.291406 0.114062 0.304688
10 0.645312 0.391406 0.065625 0.104688
8 0.682813 0.279687 0.190625 0.340625
8 0.800781 0.250781 0.198437 0.342187
6 0.464844 0.701562 0.148438 0.268750
2 0.521875 0.682813 0.056250 0.243750
2 0.616406 0.617188 0.132812 0.256250
0 0.933594 0.596094 0.132812 0.214062
7 0.833594 0.586719 0.214062 0.195312
10 0.932813 0.591406 0.078125 0.110937
6 0.671094 0.603125 0.223438 0.228125