3 0.625000 0.117188 0.137500 0.234375
7 0.801562 0.113281 0.106250 0.226562
10 0.832031 0.200781 0.045312 0.095312
0 0.928906 0.143750 0.142187 0.287500
1 0.007031 0.546875 0.014063 0.115625
8 0.021875 0.553125 0.043750 0.128125
3 0.071875 0.548438 0.078125 0.118750
0 0.174219 0.551562 0.085938 0.125000
1 0.303125 0.553906 0.037500 0.129688
10 0.113281 0.585938 0.023438 0.034375
0 0.957031 0.832031 0.085938 0.282813
1 0.663281 0.797656 0.085938 0.260937
9 0.757812 0.807813 0.118750 0.300000
5 0.860938 0.823438 0.112500 0.250000