2 0.135156 0.117969 0.110937 0.235937
9 0.246875 0.110937 0.106250 0.221875
10 0.286719 0.189062 0.042188 0.065625
0 0.339844 0.109375 0.101562 0.218750
0 0.448437 0.108594 0.115625 0.217188
2 0.676562 0.292969 0.093750 0.192188
2 0.667188 0.297656 0.075000 0.182812
1 0.669531 0.309375 0.079687 0.159375
6 0.045312 0.660937 0.090625 0.462500
9 0.106250 0.677344 0.156250 0.482812
0 0.310156 0.668750 0.189062 0.456250
10 0.194531 0.846875 0.060937 0.090625
0 0.499219 0.677344 0.204687 0.454688
1 0.652344 0.557813 0.045312 0.318750
5 0.677344 0.550781 0.095312 0.304688
6 0.785156 0.550781 0.139063 0.298438
10 0.840625 0.671875 0.043750 0.087500
0 0.909375 0.560156 0.118750 0.276562