2 0.153906 0.280469 0.142187 0.098437
9 0.264844 0.271094 0.139063 0.117188
0 0.355469 0.257812 0.132812 0.143750
0 0.464844 0.257031 0.145313 0.145313
2 0.942969 0.243750 0.114062 0.171875
7 0.353125 0.536719 0.234375 0.414062
4 0.515625 0.512500 0.225000 0.365625
10 0.610156 0.635156 0.073438 0.120313
5 0.607031 0.531250 0.104688 0.403125
1 0.700781 0.811719 0.082812 0.301563
0 0.700000 0.806250 0.081250 0.293750
10 0.673438 0.882812 0.028125 0.093750
0 0.701562 0.772656 0.084375 0.276562
1 0.789844 0.725781 0.148438 0.270313