4 0.290625 0.291406 0.181250 0.357812
9 0.439063 0.330469 0.181250 0.357812
10 0.485156 0.455469 0.045312 0.092188
2 0.538281 0.363281 0.082812 0.439063
1 0.825781 0.147656 0.132812 0.273438
9 0.912500 0.189062 0.146875 0.296875
4 0.165625 0.700781 0.140625 0.142187
9 0.257812 0.704688 0.137500 0.150000
8 0.342969 0.699219 0.126562 0.139063
8 0.018750 0.664062 0.037500 0.068750
1 0.011719 0.664844 0.023438 0.070312
1 0.456250 0.691406 0.087500 0.123438
10 0.453125 0.648438 0.031250 0.037500
3 0.520312 0.697656 0.118750 0.135937
1 0.600781 0.708594 0.042188 0.157812
9 0.638281 0.717969 0.117188 0.176563
6 0.765625 0.710938 0.159375 0.162500
10 0.814063 0.680469 0.025000 0.039062
0 0.915625 0.717969 0.168750 0.176563