4 0.432812 0.361719 0.128125 0.345313
1 0.707812 0.391406 0.056250 0.167187
1 0.979688 0.382031 0.040625 0.157812
0 0.905469 0.392188 0.064062 0.168750
3 0.835156 0.389062 0.057813 0.190625
2 0.770312 0.394531 0.065625 0.185938
10 0.867969 0.448437 0.020313 0.037500
1 0.266406 0.926562 0.076563 0.146875
9 0.346094 0.923438 0.098437 0.153125
8 0.439844 0.925000 0.082812 0.150000
0 0.500000 0.926562 0.037500 0.146875
7 0.630469 0.893750 0.151562 0.212500
3 0.760938 0.900000 0.125000 0.200000
0 0.903125 0.886719 0.156250 0.226562