0 0.047656 0.262500 0.095312 0.525000
0 0.048438 0.280469 0.096875 0.560937
0 0.105469 0.329688 0.192188 0.593750
7 0.046875 0.283594 0.093750 0.567187
8 0.046875 0.286719 0.093750 0.573438
1 0.246875 0.335938 0.146875 0.546875
10 0.243750 0.582031 0.037500 0.129688
3 0.302344 0.485938 0.098437 0.318750
2 0.825781 0.514844 0.139063 0.232813
9 0.940625 0.523438 0.118750 0.243750
10 0.988281 0.614062 0.023438 0.062500
7 0.064844 0.727344 0.114062 0.154688
6 0.189844 0.746875 0.132812 0.193750
0 0.322656 0.764062 0.132812 0.228125
0 0.449219 0.780469 0.120313 0.260937
10 0.235156 0.820312 0.026562 0.046875
10 0.550000 0.765625 0.043750 0.046875
9 0.534375 0.718750 0.050000 0.137500
5 0.590625 0.719531 0.087500 0.139063
2 0.536719 0.710156 0.054688 0.120313
0 0.532031 0.717969 0.045312 0.135937
0 0.664844 0.722656 0.095312 0.145313