0 0.050000 0.396875 0.100000 0.584375
0 0.085938 0.425781 0.171875 0.598437
0 0.407813 0.485156 0.200000 0.567187
7 0.305469 0.445312 0.195312 0.571875
8 0.185156 0.435937 0.198437 0.606250
1 0.514844 0.500000 0.089063 0.537500
10 0.539844 0.726562 0.039062 0.084375
10 0.817969 0.710938 0.079687 0.115625
0 0.920312 0.536719 0.159375 0.464062
5 0.739062 0.521875 0.243750 0.493750
9 0.628906 0.509375 0.139063 0.518750
1 0.042969 0.884375 0.085938 0.231250
8 0.061719 0.884375 0.123438 0.231250
9 0.157812 0.884375 0.231250 0.231250
10 0.214062 0.810937 0.075000 0.084375
0 0.351562 0.884375 0.237500 0.231250
0 0.492969 0.884375 0.132812 0.231250
6 0.803125 0.910937 0.118750 0.178125
0 0.911719 0.928906 0.114062 0.142187