2 0.039062 0.318750 0.078125 0.331250
4 0.053125 0.310937 0.106250 0.318750
6 0.163281 0.300000 0.142187 0.328125
10 0.228125 0.410938 0.043750 0.084375
0 0.292969 0.297656 0.135937 0.360938
0 0.410938 0.263281 0.115625 0.332813
0 0.491406 0.339844 0.045312 0.270313
1 0.477344 0.328906 0.017188 0.229687
1 0.511719 0.321875 0.032813 0.221875
9 0.574219 0.314844 0.085938 0.254688
0 0.662500 0.311719 0.087500 0.248438
3 0.750000 0.300781 0.075000 0.242188
7 0.827344 0.352344 0.039062 0.107813
10 0.797656 0.407813 0.010937 0.021875
1 0.173437 0.860938 0.062500 0.278125
2 0.286719 0.853906 0.117188 0.292187
6 0.413281 0.853906 0.110937 0.292187
1 0.534375 0.939063 0.053125 0.121875
0 0.617969 0.932031 0.117188 0.135937
5 0.735938 0.921875 0.103125 0.156250
3 0.856250 0.915625 0.090625 0.168750
9 0.955469 0.907031 0.089063 0.185938