0 0.064062 0.164844 0.121875 0.329688
3 0.172656 0.151562 0.110937 0.303125
5 0.269531 0.157812 0.117188 0.315625
2 0.361719 0.171094 0.095312 0.342187
6 0.462500 0.146094 0.106250 0.292187
10 0.507812 0.273438 0.025000 0.071875
0 0.533594 0.142187 0.051562 0.278125
5 0.593750 0.118750 0.068750 0.237500
4 0.583594 0.111719 0.048438 0.223438
10 0.567969 0.189844 0.017188 0.082812
0 0.607031 0.114062 0.095312 0.228125
0 0.707031 0.106250 0.110937 0.212500
6 0.151562 0.876563 0.115625 0.246875
2 0.315625 0.878125 0.125000 0.243750
0 0.478906 0.879687 0.145313 0.240625
7 0.741406 0.660156 0.135937 0.220312
0 0.881250 0.645312 0.134375 0.190625
10 0.959375 0.692969 0.068750 0.089063