0 0.032813 0.448437 0.065625 0.281250
3 0.028906 0.464062 0.057813 0.250000
5 0.031250 0.469531 0.062500 0.239063
2 0.044531 0.475000 0.089063 0.228125
6 0.138281 0.476562 0.117188 0.225000
0 0.228906 0.485156 0.098437 0.207813
0 0.830469 0.286719 0.067187 0.164062
0 0.895312 0.300781 0.071875 0.176563
7 0.762500 0.283594 0.068750 0.170313
5 0.700000 0.282813 0.075000 0.156250
10 0.787500 0.344531 0.028125 0.035937
4 0.029687 0.831250 0.059375 0.337500
7 0.172656 0.831250 0.104688 0.337500
10 0.231250 0.974219 0.065625 0.051562
0 0.325000 0.838281 0.125000 0.323437
0 0.467969 0.842969 0.101562 0.314063
1 0.538281 0.739844 0.039062 0.295312
9 0.546094 0.732031 0.054688 0.285938
2 0.558594 0.739062 0.079687 0.300000
7 0.642969 0.734375 0.092188 0.281250
7 0.736719 0.743750 0.101562 0.303125
10 0.676562 0.867969 0.028125 0.048438