2 0.332813 0.279687 0.221875 0.140625
1 0.204687 0.290625 0.212500 0.118750
0 0.471875 0.275781 0.175000 0.148438
2 0.617188 0.103906 0.115625 0.207813
0 0.647656 0.099219 0.176563 0.198437
0 0.756250 0.092188 0.218750 0.184375
10 0.864844 0.065625 0.082812 0.121875
0 0.894531 0.099219 0.210938 0.198437
6 0.386719 0.707812 0.126562 0.212500
6 0.472656 0.682813 0.148438 0.256250
10 0.525781 0.762500 0.035937 0.043750
0 0.524219 0.656250 0.070312 0.206250
0 0.643750 0.740625 0.168750 0.518750
0 0.761719 0.725000 0.295312 0.528125
9 0.888281 0.692187 0.223438 0.575000