2 0.242188 0.335156 0.103125 0.089063
0 0.314063 0.337500 0.084375 0.084375
0 0.380469 0.330469 0.101562 0.098437
0 0.460156 0.321875 0.107813 0.115625
0 0.528125 0.318750 0.081250 0.121875
2 0.786719 0.046875 0.092188 0.093750
4 0.886719 0.051562 0.098437 0.103125
5 0.966406 0.046094 0.067187 0.092188
1 0.053906 0.871094 0.107813 0.257812
1 0.133594 0.860156 0.110937 0.279687
7 0.209375 0.842187 0.134375 0.303125
9 0.296875 0.837500 0.140625 0.300000
10 0.345313 0.939844 0.031250 0.067187
6 0.383594 0.818750 0.132812 0.300000
6 0.707031 0.803906 0.182812 0.376563
8 0.889062 0.773438 0.181250 0.365625
10 0.983594 0.921875 0.032813 0.053125