2 0.059375 0.347656 0.118750 0.292187
3 0.177344 0.364063 0.117188 0.306250
4 0.298438 0.381250 0.140625 0.312500
10 0.344531 0.487500 0.045312 0.093750
0 0.417187 0.397656 0.140625 0.285938
6 0.785937 0.159375 0.109375 0.256250
6 0.962500 0.182812 0.075000 0.228125
2 0.882031 0.168750 0.092188 0.234375
10 0.910156 0.260156 0.039062 0.067187
1 0.195312 0.773438 0.137500 0.187500
2 0.321094 0.776563 0.167187 0.193750
5 0.440625 0.778125 0.118750 0.196875
1 0.526563 0.900000 0.053125 0.200000
0 0.533594 0.899219 0.067187 0.201563
0 0.741406 0.911719 0.123438 0.176563
0 0.854688 0.913281 0.121875 0.173437
6 0.622656 0.910937 0.126562 0.178125