6 0.293750 0.121875 0.103125 0.168750
6 0.351562 0.096875 0.100000 0.193750
6 0.425781 0.083594 0.098437 0.167187
7 0.480469 0.068750 0.076563 0.137500
10 0.403125 0.150000 0.034375 0.050000
2 0.567187 0.260156 0.096875 0.179688
1 0.576562 0.250781 0.115625 0.198437
6 0.667188 0.242188 0.178125 0.215625
7 0.786719 0.237500 0.148438 0.225000
8 0.895312 0.238281 0.193750 0.223438
5 0.164844 0.778125 0.210938 0.393750
6 0.334375 0.715625 0.190625 0.368750
10 0.448437 0.852344 0.043750 0.057813
0 0.454688 0.678906 0.128125 0.379688
4 0.810156 0.582812 0.242188 0.396875
9 0.921094 0.538281 0.157812 0.376563