6 0.073438 0.374219 0.078125 0.160938
6 0.134375 0.358594 0.071875 0.189062
6 0.210156 0.356250 0.073438 0.165625
7 0.275000 0.340625 0.065625 0.159375
10 0.176563 0.420312 0.028125 0.046875
5 0.708594 0.149219 0.217188 0.298438
9 0.868750 0.120313 0.168750 0.240625
10 0.958594 0.195312 0.076563 0.121875
5 0.224219 0.541406 0.139063 0.145313
4 0.342187 0.535937 0.121875 0.134375
10 0.399219 0.495312 0.035937 0.053125
0 0.456250 0.538281 0.115625 0.139063
0 0.549219 0.535156 0.101562 0.132812
4 0.635938 0.571875 0.071875 0.206250
8 0.633594 0.585938 0.067187 0.234375
10 0.639062 0.635938 0.031250 0.040625
0 0.723437 0.570312 0.131250 0.203125
2 0.858594 0.574219 0.139063 0.210938