6 0.128125 0.307031 0.165625 0.304688
5 0.232031 0.345313 0.139063 0.284375
10 0.264844 0.435937 0.035937 0.078125
0 0.341406 0.348438 0.135937 0.281250
1 0.592187 0.150000 0.090625 0.300000
2 0.685937 0.169531 0.146875 0.320312
2 0.828125 0.186719 0.150000 0.317188
10 0.863281 0.318750 0.029687 0.053125
0 0.943750 0.200781 0.112500 0.314063
4 0.081250 0.814844 0.162500 0.370312
2 0.084375 0.833594 0.168750 0.332813
6 0.211719 0.874219 0.273438 0.251563
4 0.467969 0.778906 0.117188 0.339062
2 0.460938 0.784375 0.103125 0.350000
0 0.548438 0.792188 0.190625 0.362500
10 0.595313 0.944531 0.081250 0.110937
0 0.711719 0.814844 0.220312 0.370312
0 0.909375 0.827344 0.181250 0.345313