0 0.157031 0.437500 0.110937 0.103125
3 0.053906 0.442969 0.098437 0.092188
2 0.257812 0.431250 0.109375 0.115625
3 0.720313 0.360938 0.053125 0.153125
0 0.782813 0.364844 0.062500 0.157812
0 0.858594 0.359375 0.060937 0.156250
0 0.925000 0.350000 0.059375 0.143750
10 0.823438 0.421875 0.015625 0.031250
8 0.031250 0.802344 0.062500 0.285938
2 0.028906 0.786719 0.057813 0.273438
4 0.046875 0.778906 0.093750 0.229687
10 0.103906 0.886719 0.064062 0.107813
1 0.200000 0.795312 0.103125 0.278125
1 0.453906 0.905469 0.070312 0.189062
6 0.673438 0.888281 0.143750 0.223438
0 0.548438 0.900000 0.125000 0.200000
0 0.821875 0.883594 0.146875 0.232813
0 0.938281 0.874219 0.123438 0.251563