1 0.021875 0.550000 0.043750 0.218750
0 0.032813 0.550000 0.065625 0.218750
0 0.211719 0.538281 0.114062 0.226562
3 0.109375 0.546094 0.103125 0.226562
2 0.311719 0.532813 0.117188 0.240625
10 0.159375 0.635938 0.040625 0.046875
5 0.646875 0.297656 0.093750 0.417187
8 0.645312 0.271875 0.090625 0.415625
10 0.640625 0.450781 0.062500 0.098437
0 0.741406 0.257812 0.220312 0.456250
1 0.960156 0.245312 0.079687 0.434375
3 0.044531 0.764844 0.089063 0.210938
1 0.021094 0.748437 0.042188 0.178125
9 0.100000 0.750781 0.140625 0.182812
3 0.232031 0.748437 0.139063 0.178125
5 0.357031 0.746094 0.123438 0.173437
10 0.295312 0.797656 0.028125 0.048438