2 0.082031 0.080469 0.110937 0.160938
0 0.199219 0.071875 0.114062 0.143750
4 0.313281 0.062500 0.104688 0.125000
0 0.423438 0.059375 0.109375 0.118750
10 0.370312 0.096875 0.021875 0.037500
1 0.725781 0.117188 0.179688 0.234375
7 0.871094 0.114844 0.204687 0.229687
2 0.405469 0.506250 0.126562 0.212500
8 0.500781 0.496875 0.114062 0.193750
10 0.546875 0.562500 0.034375 0.056250
0 0.577344 0.486719 0.082812 0.173437
2 0.683594 0.832031 0.129688 0.335938
3 0.678125 0.827344 0.118750 0.345313
0 0.825000 0.818750 0.221875 0.362500
0 0.955469 0.800781 0.089063 0.398438