2 0.031250 0.335938 0.062500 0.228125
0 0.041406 0.327344 0.082812 0.245312
4 0.129688 0.300000 0.118750 0.253125
0 0.239063 0.278125 0.121875 0.240625
10 0.197656 0.396094 0.023438 0.039062
4 0.488281 0.332031 0.076563 0.235937
9 0.522656 0.314063 0.145313 0.271875
1 0.688281 0.300781 0.104688 0.298438
10 0.750781 0.426563 0.032813 0.046875
0 0.808594 0.281250 0.167187 0.337500
0 0.934375 0.249219 0.131250 0.326562
1 0.028906 0.817969 0.057813 0.364063
5 0.067969 0.800781 0.135937 0.392188
4 0.216406 0.762500 0.182812 0.371875
4 0.370312 0.723437 0.159375 0.396875
10 0.321094 0.896875 0.039062 0.053125
1 0.648438 0.486719 0.050000 0.073438
7 0.703906 0.489063 0.067187 0.078125
2 0.764844 0.489844 0.076563 0.079687
10 0.810937 0.456250 0.015625 0.012500
0 0.835938 0.489844 0.078125 0.079687
0 0.910937 0.490625 0.081250 0.081250