1 0.353906 0.039062 0.067187 0.078125
4 0.403906 0.039844 0.076563 0.079687
6 0.465625 0.042188 0.081250 0.084375
10 0.504687 0.033594 0.037500 0.054688
0 0.533594 0.036719 0.079687 0.073438
2 0.596094 0.040625 0.085938 0.081250
6 0.964063 0.176563 0.071875 0.181250
1 0.194531 0.736719 0.110937 0.332813
0 0.291406 0.728125 0.164062 0.328125
0 0.426563 0.709375 0.153125 0.337500
10 0.500781 0.826562 0.045312 0.065625
0 0.563281 0.688281 0.151562 0.295312
0 0.682031 0.689063 0.142187 0.287500
5 0.922656 0.602344 0.154688 0.404687