1 0.388281 0.171094 0.054688 0.151562
4 0.439063 0.173437 0.062500 0.156250
6 0.500781 0.172656 0.067187 0.167187
10 0.526563 0.239844 0.025000 0.051562
1 0.731250 0.094531 0.034375 0.189062
8 0.813281 0.104688 0.092188 0.209375
3 0.926562 0.104688 0.081250 0.209375
10 0.976562 0.187500 0.025000 0.034375
2 0.036719 0.696094 0.073438 0.254688
3 0.045312 0.698438 0.090625 0.259375
8 0.139063 0.694531 0.121875 0.251563
10 0.197656 0.793750 0.039062 0.068750
0 0.256250 0.709375 0.131250 0.281250
0 0.396875 0.706250 0.131250 0.275000
4 0.577344 0.656250 0.076563 0.175000
0 0.627344 0.658594 0.139063 0.179688
10 0.704688 0.589844 0.050000 0.042188
0 0.778906 0.660156 0.154688 0.182812
1 0.967969 0.653906 0.064062 0.170313