3 0.010937 0.107031 0.021875 0.164062
6 0.017969 0.093750 0.035937 0.159375
8 0.018750 0.089063 0.037500 0.146875
4 0.016406 0.078125 0.032813 0.128125
2 0.097656 0.119531 0.151562 0.239063
0 0.190625 0.109375 0.150000 0.218750
5 0.281250 0.100000 0.146875 0.200000
0 0.373437 0.082031 0.143750 0.164062
10 0.435156 0.155469 0.017188 0.026562
9 0.471875 0.080469 0.140625 0.160938
9 0.591406 0.114844 0.045312 0.179688
3 0.642969 0.104688 0.107813 0.209375
0 0.730469 0.091406 0.104688 0.182812
2 0.821875 0.088281 0.103125 0.176563
10 0.705469 0.174219 0.026562 0.039062
1 0.049219 0.769531 0.098437 0.460938
7 0.136719 0.743750 0.242188 0.409375
1 0.382812 0.717969 0.175000 0.357812
10 0.466406 0.851562 0.079687 0.106250
0 0.487500 0.700781 0.162500 0.323437
1 0.615625 0.664844 0.093750 0.251563
5 0.625781 0.665625 0.114062 0.253125
0 0.623437 0.641406 0.109375 0.204687
0 0.728906 0.637500 0.223438 0.196875
1 0.863281 0.627344 0.170313 0.176563
10 0.669531 0.662500 0.098437 0.146875