3 0.013281 0.040625 0.026562 0.081250
6 0.011719 0.038281 0.023438 0.076563
8 0.012500 0.035937 0.025000 0.071875
4 0.042188 0.030469 0.046875 0.060937
2 0.321094 0.096875 0.107813 0.193750
0 0.415625 0.092969 0.106250 0.185938
5 0.472656 0.090625 0.032813 0.181250
7 0.513281 0.126562 0.048438 0.253125
4 0.584375 0.121094 0.103125 0.242188
10 0.653125 0.226562 0.025000 0.046875
0 0.721875 0.124219 0.118750 0.248438
0 0.860156 0.113281 0.107813 0.226562
2 0.175000 0.604688 0.112500 0.109375
8 0.271094 0.605469 0.101562 0.110937
10 0.314844 0.570312 0.029687 0.040625
0 0.357812 0.600000 0.090625 0.100000
0 0.442188 0.606250 0.093750 0.112500
5 0.561719 0.876563 0.145313 0.246875
0 0.687500 0.860938 0.137500 0.278125
8 0.809375 0.845313 0.134375 0.309375
10 0.882812 0.965625 0.068750 0.068750
0 0.933594 0.842187 0.132812 0.315625