2 0.178906 0.039844 0.070312 0.079687
2 0.254688 0.042188 0.075000 0.084375
1 0.350781 0.036719 0.035937 0.073438
0 0.402344 0.042188 0.076563 0.084375
0 0.478125 0.039062 0.071875 0.078125
10 0.377344 0.005469 0.010937 0.010937
3 0.889844 0.293750 0.045312 0.125000
0 0.939844 0.296875 0.051562 0.128125
0 0.987500 0.292969 0.025000 0.126562
10 0.975781 0.342969 0.014063 0.026562
2 0.051562 0.552344 0.103125 0.285938
3 0.042188 0.541406 0.084375 0.264062
10 0.035156 0.614062 0.060937 0.100000
0 0.099219 0.526563 0.176563 0.234375
0 0.257031 0.520312 0.179688 0.221875
0 0.614844 0.732031 0.070312 0.292187
0 0.680469 0.726562 0.126562 0.275000
0 0.871875 0.710938 0.125000 0.253125
2 0.778125 0.725000 0.112500 0.275000
2 0.721875 0.923438 0.081250 0.150000
9 0.955469 0.712500 0.089063 0.262500