2 0.035156 0.073438 0.070312 0.146875
2 0.117969 0.082812 0.101562 0.165625
1 0.232031 0.104688 0.051562 0.184375
0 0.300000 0.100781 0.100000 0.201563
0 0.395313 0.118750 0.093750 0.196875
10 0.246875 0.180469 0.015625 0.029687
2 0.607031 0.139063 0.095312 0.278125
1 0.595313 0.141406 0.071875 0.282813
2 0.605469 0.135937 0.092188 0.271875
10 0.623437 0.232813 0.059375 0.087500
0 0.707031 0.138281 0.170313 0.276562
1 0.846875 0.139844 0.125000 0.279687
5 0.053906 0.614844 0.107813 0.370312
0 0.092188 0.623437 0.184375 0.387500
0 0.275000 0.637500 0.212500 0.415625
0 0.448437 0.665625 0.218750 0.421875
10 0.141406 0.770312 0.051562 0.090625
2 0.773438 0.732031 0.268750 0.495312
9 0.914844 0.771875 0.170313 0.456250