0 0.025781 0.278125 0.051562 0.153125
8 0.067187 0.263281 0.112500 0.198437
8 0.506250 0.249219 0.193750 0.420312
0 0.635938 0.231250 0.203125 0.400000
10 0.728125 0.328906 0.068750 0.107813
0 0.782031 0.174219 0.204687 0.348438
0 0.910937 0.164844 0.178125 0.329688
3 0.100000 0.803125 0.184375 0.362500
0 0.246094 0.772656 0.182812 0.326562
10 0.346094 0.902344 0.026562 0.045312
0 0.359375 0.760938 0.100000 0.303125
7 0.495312 0.935156 0.171875 0.129688
4 0.646094 0.913281 0.217188 0.173437
0 0.825781 0.893750 0.214062 0.212500
0 0.946094 0.868750 0.107813 0.262500