8 0.391406 0.116406 0.179688 0.232813
9 0.496875 0.111719 0.178125 0.223438
5 0.560937 0.092969 0.115625 0.185938
0 0.016406 0.070312 0.032813 0.140625
8 0.027344 0.074219 0.054688 0.148438
2 0.675000 0.120313 0.112500 0.240625
4 0.664062 0.118750 0.090625 0.237500
0 0.695312 0.109375 0.153125 0.218750
10 0.756250 0.136719 0.053125 0.095312
0 0.795312 0.086719 0.184375 0.173437
0 0.917969 0.084375 0.164062 0.168750
0 0.355469 0.739062 0.185938 0.268750
0 0.465625 0.715625 0.156250 0.265625
10 0.534375 0.806250 0.071875 0.103125
0 0.554688 0.693750 0.128125 0.262500
6 0.983594 0.728906 0.032813 0.192188