8 0.058594 0.091406 0.117188 0.182812
2 0.136719 0.082031 0.117188 0.164062
10 0.187500 0.114844 0.043750 0.064062
5 0.226562 0.065625 0.115625 0.131250
1 0.331250 0.075000 0.109375 0.150000
6 0.498437 0.285156 0.118750 0.389062
2 0.534375 0.278125 0.190625 0.403125
10 0.614062 0.406250 0.075000 0.112500
0 0.687500 0.243750 0.234375 0.387500
1 0.869531 0.217188 0.189062 0.415625
1 0.213281 0.755469 0.132812 0.314063
1 0.348438 0.723437 0.109375 0.309375
7 0.417187 0.689063 0.043750 0.309375
5 0.487500 0.801562 0.096875 0.312500
8 0.550781 0.805469 0.179688 0.335938
10 0.617188 0.873437 0.056250 0.103125
0 0.663281 0.753906 0.182812 0.301563
0 0.777344 0.735938 0.176563 0.303125