8 0.314844 0.060156 0.129688 0.120313
4 0.534375 0.090625 0.087500 0.181250
0 0.618750 0.094531 0.081250 0.179688
0 0.708594 0.094531 0.089063 0.189062
10 0.648438 0.167969 0.015625 0.023438
0 0.794531 0.093750 0.089063 0.187500
5 0.036719 0.706250 0.073438 0.318750
2 0.121875 0.728906 0.150000 0.323437
8 0.264844 0.755469 0.154688 0.317188
10 0.303906 0.896094 0.032813 0.051562
8 0.353906 0.792969 0.051562 0.320312
1 0.399219 0.533594 0.039062 0.292187
6 0.475781 0.542969 0.139063 0.304688
7 0.621875 0.570312 0.115625 0.300000
8 0.747656 0.590625 0.132812 0.290625
8 0.893750 0.609375 0.134375 0.290625
10 0.650000 0.709375 0.028125 0.040625