0 0.041406 0.072656 0.082812 0.145313
0 0.127344 0.072656 0.076563 0.145313
2 0.213281 0.074219 0.070312 0.148438
5 0.291406 0.072656 0.067187 0.145313
9 0.376563 0.067969 0.065625 0.135937
0 0.446875 0.069531 0.068750 0.139063
4 0.526563 0.067187 0.059375 0.134375
10 0.478906 0.125000 0.010937 0.025000
6 0.880469 0.310937 0.095312 0.215625
0 0.972656 0.322656 0.054688 0.192188
10 0.375000 0.964844 0.043750 0.070312
0 0.445312 0.874219 0.115625 0.251563
0 0.544531 0.869531 0.089063 0.254688
4 0.217188 0.868750 0.128125 0.262500
2 0.113281 0.866406 0.129688 0.267188
2 0.326562 0.869531 0.096875 0.260937
4 0.806250 0.686719 0.146875 0.404687
5 0.652344 0.681250 0.126562 0.365625
0 0.939844 0.710938 0.120313 0.375000
10 0.867188 0.833594 0.056250 0.101562