3 0.110156 0.318750 0.160938 0.181250
6 0.221094 0.338281 0.164062 0.142187
0 0.352344 0.356250 0.160938 0.106250
3 0.627344 0.040625 0.035937 0.081250
6 0.627344 0.039844 0.035937 0.079687
8 0.667188 0.036719 0.068750 0.073438
4 0.727344 0.037500 0.060937 0.075000
2 0.956250 0.148438 0.087500 0.281250
8 0.103125 0.712500 0.118750 0.240625
5 0.196094 0.725781 0.129688 0.232813
10 0.223438 0.807813 0.040625 0.050000
0 0.285156 0.741406 0.117188 0.245312
2 0.379688 0.751563 0.128125 0.243750
5 0.881250 0.827344 0.237500 0.345313