3 0.203906 0.083594 0.145313 0.167187
6 0.280469 0.081250 0.076563 0.162500
0 0.351562 0.081250 0.065625 0.162500
0 0.418750 0.078125 0.128125 0.156250
8 0.525000 0.077344 0.125000 0.154688
3 0.632812 0.075000 0.112500 0.150000
9 0.728906 0.075781 0.120313 0.151562
10 0.764062 0.115625 0.015625 0.031250
0 0.828125 0.073438 0.118750 0.146875
6 0.059375 0.654687 0.118750 0.471875
7 0.053906 0.674219 0.107813 0.479687
0 0.151562 0.698438 0.206250 0.437500
1 0.281250 0.690625 0.075000 0.403125
4 0.599219 0.506250 0.164062 0.253125
5 0.749219 0.497656 0.135937 0.235937
10 0.790625 0.579688 0.040625 0.071875
8 0.898438 0.513281 0.187500 0.267188