0 0.031250 0.259375 0.062500 0.218750
0 0.033594 0.251563 0.067187 0.234375
0 0.030469 0.232813 0.060937 0.243750
3 0.028906 0.206250 0.057813 0.240625
9 0.028906 0.192188 0.057813 0.225000
7 0.026562 0.165625 0.053125 0.212500
2 0.073438 0.153906 0.112500 0.220312
2 0.150781 0.132812 0.110937 0.218750
10 0.134375 0.236719 0.018750 0.026562
5 0.432031 0.093750 0.232813 0.187500
8 0.564844 0.092969 0.207813 0.185938
10 0.663281 0.038281 0.064062 0.076563
0 0.707812 0.097656 0.206250 0.195312
1 0.846875 0.079687 0.181250 0.159375
6 0.188281 0.744531 0.060937 0.435937
3 0.424219 0.666406 0.142187 0.276562
4 0.540625 0.644531 0.134375 0.267188
8 0.664062 0.616406 0.162500 0.279687
0 0.785937 0.583594 0.162500 0.270313
10 0.620313 0.737500 0.031250 0.046875