0 0.025000 0.060156 0.050000 0.120313
0 0.028125 0.059375 0.056250 0.118750
0 0.046094 0.060156 0.092188 0.120313
3 0.132812 0.059375 0.093750 0.118750
9 0.213281 0.055469 0.095312 0.110937
7 0.301563 0.052344 0.084375 0.104688
2 0.372656 0.054688 0.092188 0.109375
2 0.453125 0.053906 0.090625 0.107813
10 0.397656 0.006250 0.014063 0.012500
7 0.715625 0.339062 0.140625 0.100000
3 0.056250 0.584375 0.112500 0.390625
4 0.081250 0.587500 0.162500 0.396875
2 0.253125 0.600781 0.215625 0.423438
10 0.320312 0.815625 0.096875 0.153125
0 0.425781 0.626563 0.185938 0.462500
5 0.612500 0.643750 0.175000 0.293750
0 0.744531 0.643750 0.164062 0.290625
8 0.865625 0.655469 0.162500 0.320312
10 0.909375 0.793750 0.078125 0.087500
0 0.950781 0.692969 0.098437 0.348438