3 0.014063 0.343750 0.028125 0.171875
6 0.036719 0.357031 0.073438 0.189062
10 0.071094 0.412500 0.032813 0.068750
0 0.112500 0.351562 0.071875 0.159375
0 0.188281 0.367969 0.073438 0.189062
5 0.649219 0.058594 0.039062 0.117188
8 0.650000 0.067969 0.040625 0.135937
10 0.672656 0.118750 0.017188 0.031250
0 0.731250 0.075000 0.087500 0.150000
1 0.846094 0.081250 0.057813 0.162500
7 0.463281 0.682813 0.085938 0.128125
0 0.544531 0.685937 0.098437 0.134375
3 0.607031 0.682031 0.045312 0.126562
1 0.087500 0.649219 0.037500 0.060937
8 0.128906 0.650781 0.067187 0.064062
7 0.808594 0.830469 0.085938 0.257812
0 0.889844 0.838281 0.098437 0.270313
3 0.964063 0.842187 0.071875 0.253125
1 0.638281 0.763281 0.017188 0.123438
8 0.646094 0.765625 0.032813 0.131250