3 0.238281 0.150000 0.098437 0.218750
6 0.314844 0.175000 0.117188 0.243750
10 0.350000 0.247656 0.050000 0.089063
0 0.409375 0.177344 0.112500 0.204687
0 0.502344 0.209375 0.117188 0.243750
2 0.701562 0.220312 0.065625 0.296875
2 0.700781 0.239063 0.064062 0.287500
8 0.716406 0.260937 0.095312 0.278125
10 0.747656 0.382031 0.026562 0.035937
0 0.838281 0.268750 0.135937 0.262500
0 0.943750 0.278125 0.112500 0.243750
3 0.171094 0.650781 0.157812 0.357812
0 0.319531 0.673438 0.157812 0.334375
10 0.361719 0.839063 0.023438 0.043750
0 0.479687 0.710156 0.175000 0.342187
1 0.640625 0.745313 0.056250 0.337500
1 0.694531 0.471094 0.051562 0.142187
8 0.747656 0.479687 0.157812 0.159375
2 0.856250 0.486719 0.146875 0.173437
10 0.896875 0.558594 0.053125 0.082812
0 0.953125 0.503125 0.093750 0.206250