0 0.024219 0.367969 0.048438 0.229687
0 0.023438 0.357031 0.046875 0.229687
2 0.077344 0.345313 0.101562 0.225000
7 0.172656 0.331250 0.089063 0.228125
1 0.277344 0.317188 0.057813 0.212500
9 0.332031 0.308594 0.073438 0.214062
5 0.535156 0.360156 0.114062 0.267188
0 0.650781 0.342187 0.135937 0.275000
10 0.722656 0.442969 0.020313 0.032813
0 0.764844 0.317188 0.132812 0.268750
0 0.921094 0.295312 0.076563 0.256250
2 0.167187 0.804688 0.146875 0.315625
3 0.303906 0.789844 0.129688 0.339062
6 0.744531 0.760938 0.160938 0.343750
5 0.903906 0.735156 0.148438 0.332813
10 0.985156 0.865625 0.029687 0.056250