6 0.285938 0.050000 0.131250 0.100000
8 0.375000 0.053906 0.112500 0.107813
10 0.424219 0.017188 0.045312 0.034375
0 0.459375 0.053125 0.118750 0.106250
2 0.575781 0.255469 0.092188 0.226562
1 0.657031 0.252344 0.148438 0.232813
1 0.762500 0.231250 0.118750 0.275000
0 0.860156 0.205469 0.154688 0.279687
0 0.952344 0.168750 0.095312 0.287500
10 0.821094 0.324219 0.051562 0.089063
1 0.119531 0.656250 0.123438 0.246875
3 0.207813 0.640625 0.156250 0.300000
8 0.304688 0.617969 0.146875 0.298438
10 0.368750 0.686719 0.037500 0.076563
0 0.405469 0.591406 0.148438 0.285938
1 0.491406 0.558594 0.076563 0.257812
0 0.561719 0.790625 0.064062 0.228125
3 0.562500 0.768750 0.065625 0.231250
4 0.618750 0.750000 0.131250 0.212500
0 0.706250 0.735156 0.137500 0.235937
1 0.805469 0.724219 0.101562 0.207813
10 0.854688 0.800781 0.031250 0.051562
6 0.881250 0.700781 0.128125 0.229687