6 0.387500 0.254688 0.112500 0.190625
8 0.475781 0.273438 0.092188 0.212500
10 0.510156 0.341406 0.039062 0.064062
0 0.563281 0.272656 0.098437 0.204687
0 0.649219 0.277344 0.060937 0.173437
0 0.742188 0.375000 0.125000 0.509375
0 0.877344 0.392969 0.220312 0.473438
9 0.967969 0.392188 0.064062 0.475000
2 0.050781 0.819531 0.101562 0.332813
4 0.169531 0.839063 0.139063 0.321875
0 0.300781 0.847656 0.145313 0.304688
10 0.351562 0.973437 0.040625 0.053125
0 0.425781 0.851562 0.142187 0.296875
0 0.551562 0.868750 0.134375 0.262500
3 0.943750 0.717187 0.112500 0.175000