2 0.046875 0.166406 0.093750 0.282813
4 0.082031 0.157031 0.154688 0.295312
0 0.185156 0.142969 0.157812 0.285938
10 0.249219 0.220312 0.045312 0.075000
0 0.275781 0.123438 0.148438 0.246875
0 0.329688 0.117969 0.040625 0.235937
4 0.383594 0.308594 0.067187 0.201563
3 0.454688 0.267188 0.100000 0.200000
10 0.514062 0.328906 0.021875 0.032813
0 0.548438 0.235156 0.121875 0.210938
0 0.637500 0.210938 0.125000 0.212500
3 0.050781 0.715625 0.101562 0.315625
9 0.107031 0.678125 0.167187 0.287500
10 0.179688 0.787500 0.065625 0.087500
0 0.214062 0.657031 0.175000 0.295312
2 0.289062 0.643750 0.121875 0.321875
7 0.394531 0.716406 0.089063 0.270313
0 0.453125 0.707812 0.140625 0.265625
6 0.544531 0.698438 0.151562 0.271875
7 0.629687 0.683594 0.134375 0.264062
8 0.706250 0.671094 0.143750 0.251563