2 0.041406 0.369531 0.082812 0.329688
4 0.057031 0.383594 0.114062 0.332813
0 0.185938 0.385937 0.125000 0.328125
10 0.236719 0.509375 0.035937 0.081250
0 0.309375 0.385156 0.125000 0.329688
0 0.428906 0.396875 0.101562 0.306250
1 0.500000 0.306250 0.040625 0.281250
1 0.546094 0.296094 0.076563 0.276562
7 0.623437 0.288281 0.096875 0.295312
9 0.710156 0.296094 0.101562 0.292187
10 0.739062 0.404687 0.021875 0.065625
6 0.798438 0.290625 0.093750 0.293750
0 0.019531 0.897656 0.039062 0.204687
0 0.032031 0.900000 0.064062 0.200000
0 0.364844 0.910156 0.076563 0.179688
8 0.114062 0.900781 0.078125 0.198437
3 0.203906 0.903906 0.070312 0.192188
9 0.282813 0.907031 0.071875 0.185938
5 0.665625 0.905469 0.096875 0.189062
4 0.806250 0.910156 0.103125 0.179688
0 0.942187 0.914062 0.109375 0.171875