0 0.037500 0.060937 0.075000 0.121875
0 0.126562 0.059375 0.100000 0.118750
3 0.224219 0.060937 0.101562 0.121875
7 0.321094 0.055469 0.079687 0.110937
9 0.406250 0.057031 0.093750 0.114062
5 0.498437 0.058594 0.087500 0.117188
5 0.583594 0.054688 0.079687 0.109375
10 0.524219 0.036719 0.014063 0.032813
4 0.968750 0.159375 0.062500 0.318750
6 0.881250 0.147656 0.159375 0.295312
2 0.796094 0.142969 0.073438 0.285938
4 0.088281 0.767188 0.176563 0.465625
0 0.244531 0.775781 0.217188 0.448437
0 0.433594 0.789062 0.220312 0.421875
0 0.628125 0.796875 0.225000 0.406250
10 0.313281 0.959375 0.089063 0.081250
3 0.805469 0.555469 0.092188 0.273438
0 0.798438 0.566406 0.078125 0.295312
10 0.774219 0.708594 0.029687 0.101562
0 0.813281 0.587500 0.107813 0.337500
0 0.849219 0.596094 0.179688 0.354687