0 0.050781 0.061719 0.101562 0.123438
0 0.143750 0.060156 0.115625 0.120313
3 0.241406 0.062500 0.117188 0.125000
7 0.338281 0.055469 0.095312 0.110937
9 0.418750 0.060937 0.100000 0.121875
4 0.857031 0.072656 0.110937 0.145313
7 0.951562 0.081250 0.096875 0.162500
10 0.985156 0.130469 0.023438 0.039062
2 0.235937 0.627344 0.090625 0.176563
0 0.307031 0.632812 0.089063 0.159375
5 0.389844 0.650000 0.082812 0.171875
10 0.410938 0.714844 0.025000 0.035937
6 0.440625 0.661719 0.056250 0.179688
3 0.517969 0.753125 0.098437 0.428125
9 0.538281 0.784375 0.139063 0.431250
10 0.566406 0.965625 0.073438 0.068750
0 0.700000 0.808594 0.212500 0.382812
0 0.889062 0.821875 0.221875 0.356250