4 0.181250 0.045312 0.106250 0.090625
6 0.258594 0.045312 0.085938 0.090625
10 0.302344 0.025000 0.029687 0.050000
0 0.329688 0.046094 0.084375 0.092188
0 0.412500 0.044531 0.087500 0.089063
7 0.655469 0.045312 0.079687 0.090625
0 0.785156 0.045312 0.079687 0.090625
10 0.758594 0.010156 0.023438 0.020313
2 0.717969 0.042188 0.076563 0.084375
7 0.042188 0.546875 0.084375 0.315625
4 0.042969 0.531250 0.085938 0.284375
10 0.092188 0.633594 0.065625 0.089063
4 0.174219 0.518750 0.182812 0.259375
8 0.322656 0.534375 0.195312 0.290625
0 0.848437 0.736719 0.162500 0.339062
0 0.943750 0.726562 0.112500 0.350000
5 0.710156 0.760938 0.160938 0.312500
3 0.586719 0.781250 0.145313 0.343750
2 0.548438 0.807813 0.078125 0.321875
10 0.797656 0.887500 0.060937 0.100000