4 0.025781 0.363281 0.051562 0.182812
6 0.021094 0.379688 0.042188 0.181250
10 0.012500 0.451562 0.025000 0.050000
0 0.058594 0.384375 0.082812 0.187500
0 0.137500 0.400781 0.087500 0.182812
8 0.528906 0.186719 0.079687 0.348438
4 0.550000 0.183594 0.121875 0.314063
0 0.665625 0.227344 0.168750 0.304688
1 0.796094 0.242969 0.110937 0.307812
10 0.571875 0.322656 0.059375 0.101562
6 0.067187 0.820312 0.134375 0.334375
1 0.196875 0.838281 0.121875 0.323437
10 0.220312 0.971875 0.059375 0.056250
0 0.313281 0.840625 0.170313 0.318750
0 0.423438 0.848437 0.131250 0.303125
2 0.539062 0.774219 0.100000 0.248438
2 0.663281 0.785937 0.145313 0.271875
6 0.802344 0.792188 0.135937 0.284375
10 0.853125 0.906250 0.025000 0.037500
0 0.936719 0.799219 0.126562 0.298438