2 0.115625 0.072656 0.106250 0.145313
3 0.214062 0.085156 0.096875 0.170313
2 0.310937 0.078125 0.106250 0.156250
8 0.418750 0.087500 0.115625 0.175000
10 0.260156 0.112500 0.051562 0.075000
7 0.785156 0.159375 0.089063 0.318750
4 0.924219 0.157812 0.114062 0.315625
10 0.992969 0.285156 0.014063 0.051562
2 0.296094 0.581250 0.129688 0.303125
2 0.427344 0.575781 0.120313 0.292187
2 0.528906 0.550000 0.079687 0.287500
4 0.639844 0.728906 0.132812 0.345313
9 0.792188 0.738281 0.131250 0.345313
10 0.858594 0.853906 0.032813 0.089063
2 0.942187 0.742188 0.115625 0.428125