2 0.082031 0.352344 0.157812 0.267188
3 0.172656 0.373437 0.154688 0.253125
2 0.266406 0.390625 0.157812 0.218750
8 0.367188 0.404687 0.171875 0.190625
10 0.196875 0.467187 0.068750 0.065625
6 0.705469 0.099219 0.170313 0.198437
2 0.814063 0.112500 0.175000 0.225000
10 0.835156 0.181250 0.054688 0.078125
0 0.914062 0.117969 0.153125 0.235937
0 0.959375 0.150000 0.081250 0.300000
3 0.053125 0.853906 0.106250 0.232813
0 0.129688 0.878125 0.131250 0.225000
0 0.306250 0.896875 0.128125 0.206250
0 0.396094 0.904687 0.132812 0.190625
1 0.228906 0.885938 0.117188 0.228125
10 0.237500 0.972656 0.037500 0.054688
1 0.572656 0.594531 0.067187 0.189062
3 0.581250 0.619531 0.084375 0.239063
8 0.578906 0.628125 0.079687 0.256250
10 0.564844 0.693750 0.042188 0.078125
0 0.638281 0.633594 0.164062 0.267188
1 0.753906 0.639062 0.139063 0.262500