0 0.019531 0.289844 0.039062 0.254688
0 0.052344 0.292969 0.076563 0.235937
4 0.150000 0.294531 0.065625 0.223438
2 0.233594 0.292969 0.060937 0.226562
1 0.335938 0.291406 0.028125 0.210938
0 0.389844 0.289844 0.051562 0.195312
10 0.422656 0.383594 0.014063 0.026562
1 0.453125 0.178125 0.046875 0.356250
0 0.467187 0.180469 0.075000 0.360938
9 0.510156 0.175781 0.126562 0.351562
10 0.582031 0.330469 0.051562 0.073438
7 0.714063 0.182812 0.128125 0.365625
7 0.850781 0.219531 0.157812 0.439063
1 0.026562 0.677344 0.053125 0.195312
4 0.035937 0.678125 0.071875 0.196875
8 0.029687 0.673438 0.059375 0.187500
10 0.014063 0.726562 0.028125 0.112500
0 0.035156 0.679688 0.070312 0.200000
0 0.141406 0.676562 0.139063 0.193750
5 0.785937 0.775781 0.121875 0.264062
2 0.898438 0.757031 0.090625 0.220312
0 0.979688 0.749219 0.040625 0.235937
10 0.953906 0.839844 0.039062 0.070312