0 0.024219 0.286719 0.048438 0.257812
0 0.060156 0.279687 0.092188 0.240625
4 0.157031 0.275000 0.079687 0.225000
2 0.240625 0.265625 0.075000 0.231250
1 0.342187 0.255469 0.043750 0.214062
0 0.396094 0.250000 0.067187 0.196875
5 0.469531 0.247656 0.060937 0.198437
10 0.435156 0.340625 0.017188 0.025000
5 0.782813 0.055469 0.087500 0.110937
0 0.860938 0.059375 0.100000 0.118750
10 0.904687 0.019531 0.034375 0.039062
0 0.946875 0.061719 0.106250 0.123438
8 0.271094 0.876563 0.151562 0.246875
10 0.339844 0.975781 0.070312 0.048438
0 0.411719 0.867969 0.179688 0.264062
1 0.532813 0.850781 0.034375 0.298438
3 0.161719 0.865625 0.132812 0.268750
2 0.586719 0.701562 0.073438 0.371875
2 0.637500 0.698438 0.143750 0.365625
4 0.801562 0.681250 0.125000 0.328125
10 0.876563 0.818750 0.028125 0.053125
0 0.935937 0.674219 0.128125 0.345313