2 0.699219 0.081250 0.201563 0.162500
2 0.850781 0.078125 0.173437 0.156250
6 0.940625 0.080469 0.118750 0.160938
9 0.224219 0.475781 0.148438 0.285938
8 0.324219 0.509375 0.148438 0.284375
5 0.419531 0.538281 0.135937 0.279687
10 0.432031 0.670312 0.014063 0.025000
5 0.496094 0.564844 0.085938 0.270313
1 0.582812 0.491406 0.087500 0.389062
0 0.593750 0.519531 0.109375 0.404687
8 0.590625 0.567187 0.103125 0.396875
10 0.561719 0.741406 0.045312 0.135937
0 0.667188 0.615625 0.237500 0.431250
1 0.870313 0.657031 0.159375 0.360938