8 0.178125 0.536719 0.093750 0.229687
5 0.271875 0.527344 0.103125 0.220312
10 0.317188 0.599219 0.034375 0.045312
0 0.361719 0.520312 0.089063 0.234375
2 0.454688 0.505469 0.100000 0.229687
7 0.767188 0.147656 0.140625 0.295312
7 0.876563 0.149219 0.118750 0.298438
10 0.932031 0.282813 0.048438 0.109375
0 0.968750 0.167187 0.062500 0.318750
3 0.134375 0.919531 0.121875 0.160938
6 0.249219 0.925000 0.126562 0.150000
0 0.385156 0.925781 0.123438 0.148438
1 0.521875 0.930469 0.056250 0.139063
0 0.576562 0.829688 0.053125 0.200000
0 0.589844 0.817969 0.079687 0.176563
5 0.689063 0.810937 0.093750 0.162500
5 0.800781 0.804688 0.092188 0.150000
5 0.912500 0.802344 0.090625 0.145313
1 0.559375 0.816406 0.018750 0.173437
10 0.976562 0.854688 0.018750 0.028125