5 0.271094 0.242188 0.114062 0.196875
0 0.353125 0.255469 0.115625 0.195312
10 0.373437 0.330469 0.034375 0.067187
0 0.417969 0.272656 0.082812 0.207813
1 0.495312 0.205469 0.071875 0.317188
1 0.586719 0.221094 0.120313 0.310937
7 0.706250 0.228906 0.150000 0.310937
0 0.818750 0.249219 0.187500 0.329688
0 0.929688 0.265625 0.140625 0.325000
10 0.730469 0.361719 0.060937 0.101562
3 0.394531 0.840625 0.129688 0.221875
2 0.632031 0.811719 0.198437 0.164062
2 0.785156 0.808594 0.170313 0.157812
6 0.908594 0.810156 0.182812 0.160938
10 0.967187 0.765625 0.065625 0.071875