5 0.303125 0.299219 0.062500 0.148438
0 0.369531 0.300000 0.060937 0.146875
10 0.396094 0.357031 0.017188 0.051562
0 0.432812 0.307031 0.050000 0.160938
0 0.492188 0.300781 0.059375 0.148438
6 0.756250 0.368750 0.053125 0.278125
3 0.750000 0.367969 0.040625 0.257812
10 0.737500 0.462500 0.015625 0.050000
0 0.758594 0.360156 0.057813 0.282813
0 0.863281 0.370312 0.120313 0.262500
4 0.046875 0.737500 0.093750 0.215625
4 0.113281 0.726562 0.154688 0.193750
10 0.199219 0.724219 0.051562 0.095312
0 0.307812 0.734375 0.193750 0.209375
0 0.479687 0.740625 0.162500 0.221875
0 0.752344 0.743750 0.045312 0.228125
1 0.735938 0.737500 0.012500 0.215625
4 0.769531 0.742969 0.079687 0.226562
4 0.862500 0.743750 0.087500 0.228125
1 0.988281 0.743750 0.023438 0.228125