3 0.014844 0.035156 0.029687 0.070312
3 0.014063 0.032031 0.028125 0.064062
8 0.291406 0.060937 0.110937 0.121875
7 0.384375 0.059375 0.100000 0.118750
3 0.446094 0.063281 0.067187 0.126562
1 0.509375 0.094531 0.059375 0.189062
3 0.524219 0.097656 0.089063 0.195312
0 0.625781 0.079687 0.139063 0.159375
10 0.702344 0.092969 0.070312 0.117188
8 0.767188 0.089063 0.171875 0.178125
4 0.896875 0.081250 0.168750 0.162500
2 0.155469 0.817187 0.098437 0.209375
0 0.251563 0.813281 0.096875 0.217188
2 0.339844 0.808594 0.098437 0.214062
10 0.394531 0.895312 0.020313 0.046875
6 0.430469 0.800781 0.098437 0.207813
3 0.524219 0.792969 0.089063 0.414062
9 0.607031 0.778906 0.192188 0.432812
10 0.719531 0.946094 0.070312 0.107813
0 0.804688 0.756250 0.196875 0.431250
0 0.945312 0.719531 0.109375 0.442188