3 0.017188 0.035937 0.034375 0.071875
3 0.016406 0.032813 0.032813 0.065625
8 0.217188 0.079687 0.128125 0.159375
7 0.311719 0.085156 0.117188 0.170313
3 0.385937 0.102344 0.118750 0.204687
3 0.464062 0.110937 0.128125 0.221875
10 0.473438 0.207031 0.018750 0.035937
2 0.507812 0.121094 0.062500 0.242188
10 0.798438 0.100000 0.071875 0.106250
0 0.904687 0.103906 0.190625 0.207813
5 0.748437 0.107031 0.228125 0.214062
9 0.632812 0.107813 0.187500 0.215625
10 0.120313 0.575781 0.021875 0.042188
5 0.048438 0.510938 0.093750 0.121875
7 0.235937 0.551562 0.087500 0.162500
7 0.110937 0.517188 0.071875 0.134375
8 0.171094 0.533594 0.092188 0.160938
0 0.578125 0.582812 0.078125 0.265625
0 0.578906 0.590625 0.079687 0.281250
0 0.577344 0.609375 0.076563 0.296875
0 0.578125 0.665625 0.078125 0.250000
10 0.559375 0.776563 0.034375 0.056250
7 0.635938 0.679688 0.134375 0.253125
4 0.574219 0.645312 0.070312 0.246875
3 0.575000 0.630469 0.071875 0.282813