1 0.015625 0.071094 0.031250 0.142187
0 0.030469 0.070312 0.060937 0.140625
0 0.053906 0.072656 0.107813 0.145313
0 0.182812 0.073438 0.131250 0.146875
4 0.319531 0.071094 0.120313 0.142187
10 0.124219 0.073438 0.026562 0.046875
4 0.428906 0.239063 0.098437 0.237500
9 0.521875 0.211719 0.115625 0.226562
10 0.579688 0.285156 0.053125 0.092188
0 0.623437 0.188281 0.134375 0.245312
1 0.759375 0.152344 0.096875 0.229687
4 0.025000 0.578906 0.050000 0.179688
6 0.025781 0.581250 0.051562 0.184375
10 0.012500 0.634375 0.025000 0.081250
0 0.027344 0.589063 0.054688 0.200000
0 0.053906 0.578906 0.107813 0.179688
1 0.382812 0.822656 0.006250 0.151562
8 0.397656 0.821094 0.035937 0.170313
4 0.816406 0.835938 0.126562 0.278125
4 0.914844 0.824219 0.117188 0.270313