5 0.085938 0.348438 0.125000 0.250000
0 0.178906 0.360938 0.120313 0.243750
10 0.210938 0.454688 0.040625 0.075000
0 0.279687 0.375000 0.118750 0.243750
2 0.382031 0.393750 0.129688 0.253125
1 0.575781 0.178906 0.014063 0.151562
8 0.587500 0.190625 0.037500 0.171875
1 0.576562 0.513281 0.015625 0.120313
4 0.645312 0.324219 0.131250 0.279687
4 0.742188 0.339844 0.121875 0.273438
1 0.858594 0.365625 0.076563 0.253125
4 0.931250 0.371875 0.115625 0.253125
10 0.931250 0.496875 0.021875 0.043750
7 0.985938 0.380469 0.028125 0.279687
5 0.135156 0.892188 0.182812 0.215625
8 0.278906 0.885156 0.179688 0.229687
5 0.426563 0.909375 0.162500 0.181250