5 0.153125 0.100000 0.140625 0.200000
0 0.246875 0.086719 0.134375 0.173437
10 0.312500 0.122656 0.046875 0.076563
0 0.345313 0.074219 0.134375 0.148438
2 0.450000 0.067187 0.146875 0.134375
2 0.920312 0.367969 0.118750 0.164062
4 0.985156 0.353906 0.029687 0.192188
0 0.039844 0.837500 0.079687 0.325000
0 0.042188 0.816406 0.084375 0.317188
8 0.110937 0.786719 0.150000 0.314063
3 0.217969 0.759375 0.139063 0.303125
9 0.313281 0.735938 0.145313 0.309375
10 0.397656 0.855469 0.017188 0.032813
0 0.412500 0.712500 0.143750 0.300000
6 0.729688 0.832812 0.081250 0.309375
10 0.703125 0.941406 0.028125 0.045312
1 0.786719 0.803906 0.117188 0.320312
9 0.903125 0.771094 0.165625 0.332813