4 0.033594 0.308594 0.067187 0.232813
9 0.057031 0.292187 0.114062 0.237500
10 0.116406 0.381250 0.042188 0.068750
0 0.144531 0.287500 0.110937 0.253125
5 0.345313 0.213281 0.278125 0.426563
5 0.517969 0.192188 0.207813 0.384375
10 0.634375 0.327344 0.071875 0.154688
0 0.721094 0.188281 0.248438 0.376563
1 0.933594 0.174219 0.132812 0.348438
3 0.117969 0.816406 0.164062 0.367188
4 0.512500 0.669531 0.193750 0.279687
3 0.689063 0.640625 0.159375 0.221875
10 0.777344 0.718750 0.060937 0.096875
0 0.845313 0.642969 0.196875 0.226562
1 0.951562 0.639844 0.096875 0.220312