3 0.120313 0.283594 0.109375 0.260937
6 0.208594 0.292969 0.107813 0.251563
7 0.307031 0.296875 0.098437 0.243750
1 0.414844 0.313281 0.057813 0.210938
10 0.410938 0.413281 0.015625 0.010937
1 0.506250 0.316406 0.053125 0.204687
1 0.007031 0.180469 0.014063 0.129688
8 0.014063 0.186719 0.028125 0.142187
1 0.650000 0.064844 0.106250 0.129688
3 0.733594 0.067187 0.114062 0.134375
8 0.916406 0.063281 0.129688 0.126562
6 0.822656 0.058594 0.117188 0.117188
5 0.108594 0.665625 0.217188 0.478125
4 0.314844 0.699219 0.207813 0.457813
10 0.388281 0.909375 0.082812 0.131250
0 0.492188 0.751563 0.153125 0.496875
1 0.615625 0.850000 0.093750 0.300000
7 0.607812 0.856250 0.078125 0.287500
0 0.623437 0.875000 0.109375 0.250000
0 0.737500 0.877344 0.175000 0.245312