3 0.082812 0.107813 0.109375 0.215625
6 0.172656 0.107031 0.107813 0.214062
7 0.269531 0.092969 0.098437 0.185938
1 0.379688 0.085156 0.059375 0.170313
10 0.400000 0.146875 0.018750 0.031250
1 0.467969 0.069531 0.054688 0.139063
1 0.007031 0.086719 0.014063 0.129688
8 0.013281 0.083594 0.026562 0.142187
3 0.645312 0.096875 0.090625 0.193750
6 0.647656 0.124219 0.095312 0.248438
9 0.671094 0.098437 0.142187 0.196875
10 0.614062 0.150000 0.028125 0.100000
7 0.802344 0.090625 0.154688 0.181250
6 0.103125 0.814063 0.206250 0.371875
6 0.268750 0.800000 0.187500 0.400000
0 0.449219 0.794531 0.204687 0.389062
10 0.375000 0.951562 0.062500 0.096875
2 0.707812 0.885156 0.153125 0.229687
4 0.652344 0.891406 0.104688 0.217188
0 0.858594 0.875000 0.173437 0.250000
0 0.948438 0.856250 0.103125 0.287500