3 0.054688 0.342187 0.109375 0.353125
4 0.082031 0.358594 0.164062 0.320312
0 0.242188 0.378125 0.215625 0.281250
0 0.416406 0.389844 0.220312 0.257812
1 0.611719 0.221094 0.085938 0.442188
7 0.617188 0.225000 0.096875 0.450000
0 0.678125 0.238281 0.218750 0.476562
10 0.752344 0.426563 0.082812 0.115625
1 0.905469 0.259375 0.182812 0.456250
7 0.047656 0.769531 0.095312 0.298438
4 0.167187 0.787500 0.115625 0.284375
10 0.210938 0.922656 0.028125 0.048438
0 0.301563 0.807813 0.131250 0.306250
0 0.439844 0.816406 0.120313 0.295312
4 0.938281 0.687500 0.123438 0.337500