0 0.025781 0.265625 0.051562 0.253125
0 0.039062 0.269531 0.078125 0.254688
5 0.119531 0.277344 0.092188 0.251563
2 0.210938 0.281250 0.100000 0.243750
2 0.033594 0.452344 0.060937 0.114062
4 0.303125 0.277344 0.103125 0.226562
3 0.391406 0.288281 0.089063 0.235937
10 0.420312 0.388281 0.025000 0.039062
4 0.479687 0.292969 0.106250 0.235937
1 0.678125 0.174219 0.037500 0.145313
7 0.735156 0.177344 0.051562 0.157812
2 0.796875 0.178125 0.062500 0.159375
10 0.825781 0.245312 0.014063 0.025000
0 0.869531 0.185938 0.064062 0.159375
0 0.942969 0.197656 0.067187 0.160938
1 0.004687 0.686719 0.009375 0.151562
8 0.016406 0.695312 0.032813 0.168750
4 0.244531 0.810156 0.114062 0.276562
4 0.341406 0.820312 0.104688 0.268750
1 0.460156 0.840625 0.060937 0.253125
4 0.533594 0.842969 0.101562 0.248438
10 0.540625 0.967187 0.018750 0.043750
7 0.616406 0.846875 0.067187 0.275000
3 0.701562 0.644531 0.103125 0.270313
10 0.930469 0.616406 0.085938 0.142187
0 0.839063 0.644531 0.209375 0.270313