0 0.029687 0.483594 0.059375 0.132812
0 0.028906 0.475781 0.057813 0.148438
5 0.031250 0.471094 0.062500 0.157812
2 0.098437 0.466406 0.112500 0.167187
4 0.187500 0.460156 0.115625 0.179688
3 0.275781 0.454688 0.104688 0.190625
4 0.364063 0.448437 0.118750 0.203125
8 0.783594 0.275000 0.276562 0.550000
9 0.926562 0.275781 0.146875 0.535937
6 0.139844 0.715625 0.142187 0.300000
10 0.222656 0.835156 0.029687 0.042188
1 0.316406 0.709375 0.095312 0.318750
9 0.435156 0.702344 0.142187 0.304688
4 0.739844 0.607031 0.135937 0.114062
9 0.825781 0.608594 0.126562 0.117188
10 0.894531 0.567187 0.042188 0.034375
0 0.932031 0.612500 0.132812 0.125000