6 0.175000 0.078125 0.165625 0.156250
7 0.297656 0.080469 0.126562 0.160938
10 0.337500 0.019531 0.046875 0.039062
0 0.425000 0.078125 0.150000 0.156250
0 0.700000 0.067969 0.103125 0.135937
1 0.825000 0.057031 0.043750 0.114062
1 0.916406 0.055469 0.042188 0.110937
9 0.965625 0.064062 0.068750 0.128125
2 0.164844 0.537500 0.148438 0.318750
7 0.425000 0.577344 0.118750 0.314063
10 0.459375 0.687500 0.043750 0.081250
0 0.482031 0.594531 0.035937 0.317188
0 0.296875 0.546094 0.150000 0.307812
0 0.532031 0.500781 0.064062 0.301563
0 0.532813 0.510938 0.065625 0.318750
8 0.595313 0.521875 0.137500 0.318750
7 0.701562 0.532031 0.128125 0.310937
0 0.792188 0.555469 0.137500 0.298438
1 0.904687 0.556250 0.093750 0.309375
10 0.922656 0.685937 0.032813 0.065625
3 0.966406 0.634375 0.067187 0.159375