4 0.033594 0.142187 0.067187 0.237500
6 0.032813 0.123438 0.065625 0.246875
10 0.018750 0.192969 0.037500 0.060937
0 0.053906 0.108594 0.107813 0.217188
0 0.128906 0.090625 0.123438 0.181250
4 0.519531 0.210938 0.260937 0.421875
2 0.698438 0.192969 0.340625 0.385937
6 0.881250 0.160938 0.237500 0.321875
5 0.050000 0.589844 0.100000 0.242188
6 0.049219 0.596875 0.098437 0.256250
10 0.042188 0.611719 0.034375 0.048438
0 0.104688 0.577344 0.209375 0.217188
2 0.435156 0.618750 0.092188 0.240625
0 0.535156 0.596094 0.142187 0.254688
6 0.655469 0.592187 0.145313 0.246875
10 0.725000 0.640625 0.028125 0.043750
0 0.760938 0.562500 0.143750 0.187500
1 0.895312 0.545312 0.103125 0.153125