4 0.033594 0.058594 0.067187 0.117188
6 0.032031 0.063281 0.064062 0.126562
10 0.010156 0.025000 0.020313 0.050000
0 0.030469 0.057813 0.060937 0.115625
0 0.029687 0.050000 0.059375 0.100000
6 0.708594 0.292187 0.207813 0.334375
3 0.846875 0.280469 0.165625 0.332813
10 0.916406 0.378125 0.089063 0.131250
0 0.940625 0.233594 0.118750 0.323437
2 0.042969 0.845313 0.085938 0.303125
3 0.039062 0.823438 0.078125 0.312500
4 0.045312 0.804688 0.090625 0.325000
10 0.014844 0.894531 0.029687 0.098437
0 0.051562 0.787500 0.103125 0.300000
1 0.145313 0.732812 0.159375 0.287500
1 0.585156 0.791406 0.089063 0.173437
1 0.855469 0.718750 0.079687 0.162500
0 0.779687 0.746094 0.096875 0.176563
3 0.709375 0.758594 0.093750 0.195312
2 0.646875 0.781250 0.100000 0.193750
10 0.751563 0.810156 0.028125 0.042188