6 0.020313 0.385156 0.040625 0.170313
6 0.018750 0.378125 0.037500 0.168750
10 0.006250 0.434375 0.012500 0.046875
0 0.019531 0.375000 0.039062 0.159375
0 0.019531 0.358594 0.039062 0.154688
2 0.404687 0.360156 0.090625 0.339062
0 0.439063 0.345313 0.159375 0.318750
0 0.679688 0.314063 0.150000 0.303125
0 0.810937 0.308594 0.159375 0.317188
9 0.558594 0.326562 0.129688 0.312500
10 0.617969 0.436719 0.054688 0.098437
4 0.038281 0.740625 0.076563 0.203125
3 0.133594 0.710156 0.073438 0.195312
10 0.182812 0.778125 0.018750 0.031250
0 0.229687 0.692187 0.096875 0.203125
0 0.315625 0.678125 0.087500 0.206250
6 0.446094 0.857812 0.101562 0.256250
3 0.546094 0.852344 0.095312 0.254688
0 0.636719 0.850000 0.095312 0.246875
10 0.690625 0.954688 0.009375 0.025000
2 0.728125 0.844531 0.096875 0.248438