0 0.061719 0.245312 0.123438 0.309375
3 0.126562 0.232813 0.065625 0.312500
0 0.627344 0.297656 0.164062 0.329688
2 0.492188 0.308594 0.190625 0.354687
2 0.766406 0.283594 0.201563 0.323437
10 0.705469 0.407813 0.064062 0.090625
5 0.343750 0.345313 0.206250 0.371875
0 0.119531 0.708594 0.079687 0.098437
4 0.053125 0.706250 0.106250 0.093750
5 0.030469 0.713281 0.060937 0.107813
10 0.098437 0.675000 0.037500 0.031250
1 0.292187 0.755469 0.193750 0.192188
0 0.414844 0.757812 0.223438 0.196875
0 0.719531 0.749219 0.201563 0.179688
0 0.878906 0.757031 0.204687 0.195312
8 0.557813 0.761719 0.212500 0.204687
10 0.671875 0.736719 0.068750 0.092188