0 0.027344 0.444531 0.054688 0.189062
3 0.024219 0.442188 0.048438 0.193750
5 0.025000 0.441406 0.050000 0.195312
5 0.103906 0.439063 0.098437 0.200000
6 0.198437 0.439844 0.100000 0.198437
7 0.300000 0.438281 0.087500 0.201563
4 0.620313 0.254688 0.125000 0.246875
0 0.729688 0.246875 0.118750 0.243750
0 0.856250 0.232813 0.121875 0.256250
0 0.955469 0.228906 0.089063 0.254688
10 0.799219 0.346875 0.060937 0.081250
1 0.095312 0.841406 0.134375 0.317188
7 0.237500 0.839844 0.165625 0.320312
0 0.343750 0.835156 0.071875 0.329688
2 0.533594 0.801562 0.164062 0.396875
9 0.692969 0.807031 0.176563 0.385937
7 0.854688 0.807031 0.131250 0.385937
10 0.928125 0.946875 0.056250 0.103125
0 0.963281 0.798438 0.073438 0.387500