0 0.101562 0.101562 0.171875 0.203125
0 0.220312 0.108594 0.121875 0.217188
9 0.303906 0.128125 0.176563 0.256250
7 0.410938 0.130469 0.156250 0.260937
4 0.455469 0.142187 0.067187 0.284375
9 0.595313 0.125000 0.212500 0.250000
5 0.728906 0.125781 0.251563 0.251563
10 0.758594 0.185938 0.082812 0.134375
9 0.882031 0.130469 0.235937 0.260937
4 0.967969 0.165625 0.064062 0.331250
4 0.068750 0.644531 0.137500 0.251563
0 0.083594 0.671094 0.167187 0.304688
10 0.084375 0.768750 0.100000 0.171875
0 0.236719 0.698438 0.289062 0.359375
0 0.382031 0.717969 0.214062 0.398438
1 0.674219 0.629687 0.167187 0.221875
7 0.792188 0.651563 0.228125 0.265625
2 0.907031 0.680469 0.185938 0.323437
10 0.950781 0.804688 0.079687 0.103125