0 0.089844 0.285938 0.139063 0.321875
0 0.211719 0.279687 0.092188 0.290625
9 0.296875 0.268750 0.143750 0.328125
7 0.404687 0.246875 0.131250 0.309375
4 0.496094 0.240625 0.129688 0.306250
10 0.562500 0.376563 0.012500 0.040625
6 0.550781 0.231250 0.035937 0.315625
2 0.635156 0.370312 0.132812 0.300000
3 0.760938 0.364844 0.159375 0.295312
0 0.866406 0.354687 0.142187 0.315625
10 0.939063 0.453906 0.053125 0.095312
0 0.954688 0.324219 0.090625 0.323437
4 0.385156 0.939844 0.098437 0.120313
4 0.472656 0.942187 0.104688 0.115625
0 0.535156 0.935937 0.067187 0.128125
8 0.608594 0.692969 0.079687 0.185938
4 0.603906 0.678125 0.070312 0.156250
0 0.693750 0.676562 0.165625 0.153125
1 0.825000 0.676562 0.109375 0.153125
10 0.627344 0.711719 0.057813 0.101562