0 0.029687 0.146094 0.059375 0.292187
3 0.025781 0.150781 0.051562 0.301563
6 0.110156 0.161719 0.107813 0.314063
6 0.210938 0.169531 0.078125 0.307812
0 0.393750 0.142187 0.115625 0.284375
3 0.489844 0.140625 0.098437 0.281250
5 0.582812 0.146875 0.106250 0.293750
5 0.754687 0.140625 0.109375 0.281250
2 0.668750 0.142187 0.093750 0.284375
10 0.796875 0.257812 0.025000 0.062500
9 0.844531 0.138281 0.101562 0.273438
4 0.031250 0.635938 0.062500 0.312500
1 0.022656 0.649219 0.045312 0.326562
10 0.013281 0.782031 0.026562 0.123438
0 0.039062 0.641406 0.078125 0.323437
0 0.138281 0.641406 0.114062 0.314063
3 0.357812 0.821875 0.175000 0.356250
6 0.523438 0.844531 0.128125 0.310937
10 0.589844 0.989062 0.051562 0.021875
5 0.678906 0.840625 0.164062 0.318750
4 0.853125 0.835938 0.168750 0.328125