0 0.041406 0.275000 0.082812 0.331250
3 0.057031 0.258594 0.114062 0.320312
6 0.151562 0.246094 0.156250 0.323437
6 0.264844 0.225000 0.151562 0.315625
2 0.377344 0.217188 0.142187 0.309375
0 0.464844 0.197656 0.107813 0.314063
10 0.455469 0.345313 0.020313 0.021875
7 0.871094 0.310937 0.239063 0.315625
2 0.948438 0.303125 0.103125 0.331250
3 0.064062 0.560937 0.128125 0.184375
0 0.178125 0.556250 0.175000 0.175000
0 0.328906 0.546094 0.179688 0.154688
10 0.261719 0.569531 0.048438 0.070312
2 0.565625 0.682813 0.093750 0.300000
3 0.562500 0.657031 0.087500 0.310937
8 0.608594 0.632812 0.167187 0.306250
10 0.678906 0.739062 0.048438 0.075000
0 0.725781 0.631250 0.179688 0.325000
0 0.864062 0.616406 0.178125 0.295312