2 0.103125 0.152344 0.162500 0.304688
1 0.242188 0.151562 0.121875 0.303125
5 0.331250 0.153125 0.131250 0.306250
10 0.410156 0.270313 0.057813 0.112500
0 0.445312 0.167187 0.128125 0.334375
4 0.625000 0.229687 0.231250 0.459375
7 0.823438 0.216406 0.206250 0.432812
10 0.928125 0.389062 0.087500 0.140625
9 0.957031 0.229687 0.085938 0.459375
4 0.271875 0.585156 0.140625 0.251563
5 0.403906 0.573438 0.123438 0.228125
10 0.471094 0.648438 0.035937 0.065625
1 0.539844 0.574219 0.060937 0.229687
9 0.563281 0.564844 0.107813 0.210938
3 0.707812 0.551562 0.156250 0.184375
10 0.797656 0.631250 0.057813 0.096875
5 0.872656 0.547656 0.201563 0.176563