2 0.037500 0.342969 0.075000 0.273438
1 0.028906 0.332031 0.057813 0.267188
5 0.059375 0.316406 0.118750 0.285938
10 0.128125 0.424219 0.053125 0.092188
0 0.166406 0.326562 0.157812 0.293750
0 0.267969 0.339062 0.151562 0.281250
2 0.668750 0.192969 0.078125 0.298438
7 0.695312 0.195312 0.131250 0.290625
5 0.790625 0.172656 0.137500 0.264062
10 0.864062 0.274219 0.056250 0.098437
0 0.912500 0.152344 0.162500 0.292187
0 0.975000 0.148438 0.050000 0.296875
3 0.157031 0.510938 0.054688 0.062500
0 0.205469 0.510938 0.060937 0.062500
0 0.266406 0.510938 0.057813 0.062500
0 0.317188 0.508594 0.059375 0.057813
10 0.246094 0.485938 0.014063 0.012500
0 0.668750 0.705469 0.078125 0.317188
3 0.667188 0.680469 0.075000 0.320312
5 0.728125 0.674219 0.150000 0.320312
5 0.892969 0.632812 0.151562 0.306250
2 0.812500 0.654687 0.134375 0.303125
10 0.965625 0.745313 0.034375 0.065625
9 0.955469 0.619531 0.089063 0.279687