5 0.102344 0.221094 0.204687 0.373437
8 0.225781 0.194531 0.201563 0.373437
10 0.321875 0.320312 0.062500 0.093750
0 0.324219 0.191406 0.110937 0.382812
3 0.464844 0.459375 0.164062 0.159375
0 0.571094 0.446094 0.182812 0.185938
7 0.693750 0.447656 0.165625 0.182812
7 0.806250 0.421875 0.171875 0.234375
3 0.910156 0.410938 0.179688 0.256250
4 0.190625 0.636719 0.168750 0.195312
9 0.314844 0.606250 0.129688 0.134375
2 0.452344 0.921094 0.145313 0.157812
0 0.553125 0.900000 0.196875 0.200000
5 0.706250 0.885156 0.190625 0.229687
2 0.849219 0.860938 0.201563 0.278125