0 0.035937 0.336719 0.071875 0.304688
0 0.032813 0.352344 0.065625 0.273438
0 0.054688 0.367188 0.109375 0.243750
5 0.151562 0.377344 0.125000 0.223438
4 0.258594 0.394531 0.120313 0.189062
2 0.360156 0.402344 0.117188 0.173437
8 0.463281 0.412500 0.120313 0.153125
6 0.645312 0.219531 0.131250 0.439063
6 0.673438 0.228906 0.187500 0.457813
10 0.682813 0.395313 0.071875 0.115625
0 0.832812 0.244531 0.234375 0.460938
0 0.935156 0.266406 0.129688 0.445312
2 0.164062 0.820312 0.250000 0.359375
2 0.346094 0.830469 0.235937 0.339062
0 0.500000 0.836719 0.159375 0.326562
6 0.732031 0.765625 0.110937 0.181250
0 0.801562 0.782813 0.087500 0.175000
0 0.866406 0.803125 0.079687 0.159375
0 0.931250 0.822656 0.084375 0.176563
10 0.819531 0.855469 0.029687 0.054688