7 0.221094 0.368750 0.145313 0.315625
6 0.326562 0.371875 0.140625 0.284375
10 0.407813 0.469531 0.046875 0.079687
0 0.414844 0.332813 0.089063 0.287500
0 0.497656 0.406250 0.076563 0.287500
0 0.493750 0.392969 0.068750 0.276562
0 0.571094 0.359375 0.135937 0.256250
0 0.755469 0.330469 0.123438 0.251563
2 0.500000 0.381250 0.081250 0.275000
9 0.665625 0.351562 0.121875 0.262500
3 0.852344 0.317188 0.126562 0.259375
10 0.817187 0.421094 0.028125 0.064062
4 0.201563 0.866406 0.153125 0.267188
7 0.305469 0.837500 0.117188 0.262500
10 0.377344 0.952344 0.039062 0.095312
0 0.400000 0.835938 0.118750 0.293750
6 0.940625 0.882031 0.118750 0.235937