7 0.078906 0.080469 0.157812 0.160938
6 0.182031 0.074219 0.151562 0.148438
10 0.266406 0.103125 0.051562 0.081250
0 0.304688 0.073438 0.168750 0.146875
4 0.728906 0.203906 0.173437 0.329688
6 0.864062 0.190625 0.162500 0.321875
10 0.949219 0.298438 0.070312 0.121875
0 0.958594 0.167969 0.082812 0.335938
8 0.044531 0.567969 0.089063 0.235937
4 0.104688 0.553906 0.162500 0.207813
8 0.225000 0.552344 0.165625 0.204687
2 0.351562 0.545312 0.134375 0.190625
1 0.628906 0.813281 0.135937 0.342187
9 0.727344 0.835938 0.170313 0.328125
9 0.846094 0.810937 0.151562 0.312500
10 0.920312 0.915625 0.050000 0.075000
8 0.937500 0.822656 0.125000 0.354687