0 0.037500 0.077344 0.075000 0.154688
1 0.020313 0.061719 0.040625 0.123438
4 0.034375 0.067187 0.068750 0.134375
4 0.035156 0.064844 0.070312 0.129688
1 0.018750 0.061719 0.037500 0.123438
8 0.054688 0.070312 0.109375 0.140625
10 0.025000 0.043750 0.015625 0.028125
6 0.814063 0.158594 0.200000 0.317188
0 0.933594 0.139063 0.132812 0.278125
1 0.008594 0.520312 0.017188 0.090625
3 0.012500 0.514062 0.025000 0.103125
5 0.011719 0.507812 0.023438 0.096875
0 0.013281 0.500000 0.026562 0.100000
0 0.016406 0.489063 0.032813 0.112500
10 0.003125 0.541406 0.006250 0.026562
2 0.442188 0.602344 0.084375 0.279687
1 0.507031 0.592969 0.120313 0.248438
1 0.601562 0.592969 0.109375 0.270313
10 0.653125 0.678125 0.037500 0.081250
0 0.685937 0.576562 0.140625 0.246875
2 0.783594 0.558594 0.148438 0.257812