4 0.413281 0.125000 0.148438 0.250000
4 0.546875 0.131250 0.140625 0.262500
0 0.623437 0.139844 0.053125 0.279687
10 0.589063 0.243750 0.031250 0.046875
4 0.707031 0.351562 0.114062 0.406250
7 0.764844 0.371094 0.195312 0.364063
10 0.806250 0.483594 0.065625 0.101562
9 0.905469 0.394531 0.189062 0.392188
0 0.977344 0.389062 0.045312 0.328125
9 0.382812 0.739844 0.134375 0.142187
8 0.485938 0.739844 0.137500 0.142187
5 0.584375 0.739062 0.121875 0.140625
10 0.609375 0.675000 0.012500 0.012500
8 0.941406 0.770312 0.117188 0.203125