4 0.027344 0.075000 0.054688 0.150000
4 0.111719 0.072656 0.101562 0.145313
0 0.241406 0.072656 0.120313 0.145313
0 0.365625 0.070312 0.106250 0.140625
10 0.182031 0.092188 0.023438 0.043750
5 0.096094 0.631250 0.192188 0.421875
3 0.250000 0.596875 0.143750 0.343750
10 0.314063 0.729688 0.056250 0.109375
0 0.400781 0.595313 0.170313 0.371875
1 0.522656 0.563281 0.032813 0.298438
4 0.587500 0.751563 0.096875 0.421875
2 0.619531 0.742969 0.160938 0.414062
5 0.781250 0.703906 0.153125 0.370312
10 0.862500 0.815625 0.046875 0.090625
0 0.922656 0.675781 0.154688 0.370312