0 0.051562 0.389844 0.103125 0.257812
0 0.048438 0.390625 0.096875 0.256250
0 0.096875 0.375000 0.181250 0.287500
5 0.200000 0.362500 0.178125 0.312500
4 0.300781 0.353125 0.157812 0.306250
2 0.388281 0.336719 0.148438 0.310937
10 0.463281 0.447656 0.039062 0.057813
8 0.475000 0.306250 0.150000 0.315625
7 0.690625 0.321875 0.121875 0.271875
0 0.767188 0.310156 0.137500 0.267188
6 0.858594 0.294531 0.148438 0.273438
7 0.938281 0.274219 0.123438 0.264062
8 0.974219 0.257812 0.051562 0.253125
4 0.332813 0.603906 0.218750 0.170313
1 0.466406 0.598437 0.154688 0.159375
10 0.546094 0.543750 0.067187 0.050000
0 0.556250 0.606250 0.146875 0.175000
3 0.673438 0.623437 0.087500 0.209375
3 0.668750 0.608594 0.078125 0.179688
0 0.666406 0.589063 0.073438 0.140625
10 0.644531 0.611719 0.029687 0.095312
0 0.678125 0.589063 0.096875 0.140625
0 0.752344 0.581250 0.157812 0.125000