0 0.050000 0.187500 0.100000 0.343750
0 0.067187 0.190625 0.134375 0.337500
0 0.152344 0.171094 0.176563 0.342187
5 0.256250 0.159375 0.171875 0.318750
4 0.356250 0.135937 0.153125 0.271875
2 0.445312 0.130469 0.143750 0.260937
10 0.508594 0.221875 0.020313 0.056250
8 0.489844 0.118750 0.057813 0.237500
6 0.618750 0.315625 0.200000 0.087500
6 0.786719 0.296094 0.201563 0.126562
0 0.929688 0.280469 0.140625 0.157812
6 0.107031 0.667188 0.214062 0.381250
3 0.265625 0.626563 0.209375 0.378125
10 0.335938 0.739844 0.096875 0.157812
0 0.389844 0.591406 0.217188 0.367188
2 0.468750 0.558594 0.100000 0.329688
6 0.824219 0.672656 0.120313 0.210938
6 0.910156 0.647656 0.142187 0.254688
10 0.961719 0.725781 0.032813 0.042188
0 0.965625 0.619531 0.068750 0.204687