0 0.028125 0.097656 0.056250 0.195312
3 0.121875 0.089844 0.100000 0.179688
8 0.237500 0.087500 0.106250 0.175000
7 0.355469 0.079687 0.092188 0.159375
6 0.459375 0.077344 0.093750 0.154688
7 0.564063 0.075000 0.090625 0.150000
10 0.519531 0.134375 0.017188 0.040625
0 0.028125 0.549219 0.056250 0.320312
0 0.120313 0.542969 0.096875 0.295312
0 0.237500 0.549219 0.093750 0.298438
5 0.346094 0.542969 0.089063 0.295312
4 0.454688 0.542969 0.087500 0.270313
2 0.557813 0.543750 0.081250 0.287500
1 0.691406 0.792969 0.107813 0.351562
5 0.814063 0.806250 0.150000 0.350000
3 0.950781 0.781250 0.098437 0.321875