7 0.071875 0.077344 0.131250 0.154688
3 0.160156 0.070312 0.126562 0.140625
10 0.234375 0.107813 0.040625 0.056250
0 0.275000 0.070312 0.146875 0.140625
2 0.378906 0.070312 0.139063 0.140625
1 0.618750 0.200781 0.059375 0.282813
1 0.919531 0.114062 0.120313 0.228125
0 0.770312 0.128125 0.150000 0.256250
4 0.657813 0.142969 0.137500 0.285938
5 0.625781 0.174219 0.073438 0.298438
10 0.723437 0.241406 0.043750 0.082812
0 0.046094 0.722656 0.092188 0.285938
1 0.100000 0.715625 0.125000 0.278125
5 0.194531 0.695312 0.145313 0.284375
10 0.259375 0.790625 0.053125 0.093750
0 0.303125 0.690625 0.171875 0.281250
1 0.433594 0.667188 0.120313 0.234375
4 0.682031 0.717187 0.185938 0.334375
3 0.823438 0.701562 0.193750 0.303125
10 0.904687 0.791406 0.068750 0.117188
0 0.931250 0.689063 0.137500 0.278125