2 0.046875 0.353906 0.093750 0.348438
1 0.108594 0.319531 0.148438 0.310937
0 0.222656 0.303125 0.167187 0.334375
10 0.291406 0.406250 0.048438 0.087500
0 0.338281 0.267969 0.173437 0.323437
0 0.424219 0.258594 0.070312 0.310937
0 0.580469 0.232813 0.151562 0.259375
2 0.685156 0.203906 0.126562 0.251563
10 0.752344 0.294531 0.064062 0.098437
0 0.802344 0.203125 0.157812 0.293750
0 0.907813 0.162500 0.150000 0.275000
1 0.313281 0.928906 0.126562 0.142187
1 0.413281 0.920312 0.092188 0.159375
6 0.720313 0.775781 0.162500 0.151562
5 0.831250 0.771094 0.134375 0.142187
10 0.897656 0.719531 0.035937 0.039062
0 0.935156 0.769531 0.129688 0.139063