2 0.137500 0.164062 0.187500 0.328125
1 0.282031 0.171875 0.145313 0.309375
0 0.385937 0.194531 0.146875 0.332813
10 0.422656 0.315625 0.048438 0.087500
6 0.575781 0.421875 0.214062 0.337500
1 0.737500 0.469531 0.137500 0.357812
10 0.753125 0.610156 0.065625 0.101562
0 0.851562 0.497656 0.187500 0.385937
0 0.943750 0.507031 0.112500 0.354687
0 0.037500 0.875781 0.075000 0.232813
1 0.111719 0.875781 0.082812 0.232813
0 0.193750 0.879687 0.146875 0.240625
5 0.314063 0.879687 0.131250 0.240625
3 0.414844 0.879687 0.089063 0.240625
4 0.517188 0.841406 0.115625 0.164062
0 0.607031 0.839844 0.179688 0.160938
10 0.642188 0.782813 0.056250 0.046875
5 0.753906 0.842969 0.170313 0.167187
3 0.892188 0.846875 0.184375 0.175000