4 0.344531 0.049219 0.089063 0.098437
2 0.471094 0.146875 0.160938 0.293750
3 0.610156 0.142187 0.157812 0.284375
0 0.715625 0.141406 0.140625 0.282813
10 0.783594 0.228906 0.051562 0.092188
0 0.848437 0.128125 0.168750 0.256250
0 0.953906 0.127344 0.092188 0.254688
9 0.039844 0.684375 0.079687 0.325000
8 0.051562 0.671875 0.103125 0.343750
10 0.092969 0.792969 0.042188 0.085938
0 0.167969 0.666406 0.167187 0.329688
0 0.306250 0.645312 0.165625 0.328125
0 0.608594 0.595313 0.135937 0.250000
2 0.717969 0.574219 0.110937 0.245312
10 0.771875 0.668750 0.059375 0.093750
0 0.833594 0.581250 0.142187 0.284375
0 0.938281 0.547656 0.123438 0.264062