4 0.358594 0.171875 0.092188 0.200000
4 0.445312 0.175000 0.100000 0.196875
10 0.475781 0.239063 0.032813 0.065625
0 0.522656 0.172656 0.092188 0.220312
4 0.650000 0.044531 0.100000 0.089063
6 0.728125 0.044531 0.078125 0.089063
10 0.765625 0.011719 0.028125 0.023438
0 0.800781 0.046094 0.076563 0.092188
0 0.882812 0.044531 0.081250 0.089063
5 0.240625 0.568750 0.156250 0.178125
6 0.396875 0.588281 0.150000 0.217188
10 0.471094 0.600000 0.026562 0.046875
0 0.519531 0.578906 0.098437 0.198437
7 0.633594 0.803906 0.129688 0.392188
1 0.845313 0.787500 0.071875 0.384375
10 0.902344 0.946875 0.035937 0.056250
0 0.959375 0.757812 0.081250 0.381250