0 0.030469 0.246094 0.060937 0.295312
0 0.030469 0.256250 0.060937 0.300000
3 0.027344 0.265625 0.054688 0.284375
3 0.032031 0.273438 0.064062 0.281250
1 0.136719 0.289062 0.054688 0.240625
0 0.185156 0.294531 0.107813 0.267188
10 0.218750 0.415625 0.018750 0.028125
0 0.273438 0.300000 0.106250 0.265625
2 0.745313 0.360938 0.165625 0.318750
2 0.897656 0.354687 0.139063 0.309375
6 0.974219 0.367969 0.051562 0.314063
1 0.035156 0.734375 0.070312 0.209375
0 0.132812 0.731250 0.196875 0.203125
9 0.309375 0.724219 0.168750 0.189062
10 0.364063 0.681250 0.059375 0.078125
6 0.655469 0.925781 0.157812 0.148438
0 0.800000 0.950000 0.146875 0.100000