1 0.094531 0.275000 0.179688 0.368750
4 0.209375 0.314844 0.203125 0.289062
8 0.299219 0.316406 0.101562 0.285938
8 0.708594 0.046875 0.107813 0.093750
7 0.792969 0.044531 0.092188 0.089063
10 0.814063 0.049219 0.046875 0.079687
5 0.861719 0.051562 0.110937 0.103125
7 0.949219 0.044531 0.095312 0.089063
8 0.052344 0.559375 0.104688 0.200000
3 0.062500 0.566406 0.125000 0.214062
10 0.075781 0.636719 0.035937 0.048438
0 0.199219 0.582031 0.207813 0.245312
2 0.608594 0.621875 0.229687 0.325000
1 0.817187 0.634375 0.193750 0.350000
0 0.921094 0.656250 0.157812 0.393750
10 0.979688 0.804688 0.040625 0.103125