1 0.035937 0.100781 0.071875 0.201563
4 0.043750 0.086719 0.087500 0.173437
8 0.072656 0.088281 0.145313 0.176563
10 0.117188 0.053125 0.068750 0.106250
0 0.217188 0.089844 0.171875 0.179688
0 0.329688 0.086719 0.118750 0.173437
5 0.525000 0.318750 0.153125 0.262500
2 0.676562 0.328125 0.165625 0.243750
0 0.849219 0.332031 0.195312 0.235937
1 0.976562 0.357812 0.046875 0.184375
1 0.028125 0.595313 0.056250 0.290625
0 0.104688 0.596875 0.150000 0.293750
0 0.242969 0.600781 0.139063 0.301563
10 0.285938 0.711719 0.043750 0.064062
0 0.350781 0.591406 0.076563 0.282813
1 0.546094 0.581250 0.132812 0.262500
9 0.689844 0.589063 0.198437 0.278125
4 0.880469 0.592969 0.173437 0.285938
10 0.939844 0.689063 0.045312 0.090625