0 0.025781 0.427344 0.051562 0.264062
0 0.025781 0.428125 0.051562 0.262500
3 0.022656 0.417969 0.045312 0.257812
3 0.032031 0.412500 0.064062 0.262500
1 0.138281 0.402344 0.042188 0.242188
0 0.189844 0.400000 0.092188 0.256250
0 0.273438 0.385937 0.090625 0.262500
10 0.240625 0.505469 0.015625 0.035937
10 0.975000 0.271875 0.050000 0.084375
2 0.908594 0.154688 0.157812 0.309375
5 0.785156 0.180469 0.145313 0.360938
4 0.285938 0.616406 0.084375 0.114062
7 0.382031 0.617188 0.073438 0.115625
2 0.464844 0.759375 0.092188 0.381250
3 0.492188 0.745313 0.146875 0.371875
6 0.628125 0.731250 0.165625 0.343750
10 0.715625 0.864844 0.050000 0.092188
1 0.824219 0.723437 0.135937 0.328125