0 0.028125 0.068750 0.056250 0.137500
0 0.028125 0.071094 0.056250 0.142187
3 0.025000 0.073438 0.050000 0.146875
3 0.060937 0.081250 0.103125 0.162500
1 0.182812 0.083594 0.050000 0.167187
0 0.234375 0.091406 0.100000 0.182812
0 0.319531 0.095312 0.098437 0.190625
10 0.266406 0.167969 0.017188 0.035937
1 0.492969 0.300000 0.067187 0.375000
7 0.537500 0.301563 0.156250 0.381250
5 0.683594 0.326562 0.185938 0.365625
10 0.759375 0.478125 0.065625 0.062500
0 0.857812 0.325781 0.190625 0.367188
0 0.963281 0.337500 0.073438 0.343750
2 0.049219 0.607031 0.098437 0.195312
3 0.089844 0.604688 0.179688 0.190625
6 0.239063 0.606250 0.178125 0.193750
10 0.300000 0.676562 0.053125 0.096875
1 0.409375 0.619531 0.100000 0.220312
8 0.700000 0.850000 0.215625 0.300000
5 0.541406 0.825781 0.164062 0.348438
0 0.903125 0.867969 0.193750 0.264062