2 0.039062 0.296094 0.078125 0.342187
1 0.028125 0.283594 0.056250 0.320312
2 0.057031 0.261719 0.114062 0.304688
10 0.119531 0.370312 0.051562 0.081250
0 0.182812 0.241406 0.140625 0.301563
1 0.323437 0.232813 0.096875 0.275000
2 0.515625 0.147656 0.165625 0.295312
3 0.701562 0.129688 0.137500 0.259375
5 0.863281 0.110937 0.126562 0.221875
10 0.948438 0.202344 0.068750 0.123438
1 0.048438 0.896094 0.093750 0.207813
1 0.206250 0.887500 0.068750 0.225000
2 0.314063 0.891406 0.121875 0.217188
1 0.507812 0.883594 0.087500 0.232813
9 0.627344 0.875781 0.145313 0.248438
4 0.762500 0.879687 0.125000 0.240625
10 0.826562 0.986719 0.037500 0.026562
0 0.904687 0.879687 0.156250 0.240625