0 0.032031 0.403906 0.064062 0.270313
0 0.050781 0.397656 0.101562 0.282813
7 0.132812 0.395313 0.115625 0.281250
2 0.213281 0.386719 0.117188 0.292187
0 0.300781 0.387500 0.117188 0.278125
5 0.379688 0.375000 0.109375 0.271875
10 0.428125 0.479687 0.021875 0.071875
4 0.456250 0.371094 0.106250 0.251563
1 0.539062 0.203125 0.059375 0.334375
7 0.546094 0.178906 0.073438 0.329688
9 0.552344 0.172656 0.085938 0.342187
10 0.594531 0.292969 0.060937 0.089063
4 0.660156 0.157031 0.185938 0.314063
6 0.136719 0.610938 0.145313 0.143750
6 0.251563 0.604688 0.115625 0.131250
10 0.305469 0.597656 0.032813 0.073438
0 0.346094 0.609375 0.117188 0.140625
0 0.435156 0.605469 0.110937 0.132812
2 0.655469 0.963281 0.151562 0.073438
7 0.770312 0.960938 0.118750 0.078125
3 0.872656 0.961719 0.132812 0.076563
7 0.957031 0.953125 0.085938 0.093750