1 0.063281 0.290625 0.085938 0.262500
9 0.156250 0.260937 0.146875 0.284375
4 0.271094 0.222656 0.135937 0.260937
5 0.388281 0.194531 0.132812 0.270313
10 0.353125 0.317188 0.028125 0.040625
2 0.642188 0.339844 0.209375 0.198437
2 0.803125 0.321094 0.203125 0.235937
4 0.935156 0.303906 0.129688 0.270313
2 0.046094 0.670312 0.092188 0.353125
8 0.045312 0.628906 0.090625 0.342187
2 0.108594 0.590625 0.170313 0.303125
10 0.200000 0.679688 0.040625 0.053125
0 0.232813 0.560937 0.178125 0.243750
0 0.366406 0.551562 0.167187 0.225000
1 0.673438 0.632031 0.118750 0.242188
0 0.756250 0.612500 0.143750 0.243750
0 0.939844 0.555469 0.120313 0.232813
3 0.853906 0.589063 0.132812 0.243750
10 0.921875 0.665625 0.046875 0.062500