1 0.022656 0.405469 0.045312 0.267188
9 0.114844 0.391406 0.117188 0.282813
4 0.231250 0.371094 0.109375 0.257812
5 0.352344 0.363281 0.104688 0.270313
1 0.485938 0.346875 0.046875 0.253125
10 0.303125 0.477344 0.025000 0.042188
9 0.592187 0.441406 0.165625 0.367188
5 0.725781 0.434375 0.170313 0.353125
10 0.805469 0.545312 0.067187 0.137500
0 0.871094 0.421875 0.201563 0.406250
1 0.979688 0.387500 0.040625 0.387500
7 0.356250 0.815625 0.215625 0.193750
2 0.452344 0.812500 0.114062 0.187500
2 0.593750 0.811719 0.168750 0.185938
7 0.757812 0.809375 0.168750 0.181250
5 0.889844 0.800781 0.154688 0.164062
10 0.971875 0.751563 0.056250 0.065625