5 0.022656 0.171875 0.045312 0.243750
6 0.023438 0.167969 0.046875 0.248438
0 0.111719 0.175000 0.098437 0.243750
0 0.221875 0.172656 0.106250 0.242188
10 0.057813 0.267969 0.018750 0.032813
1 0.464844 0.070312 0.029687 0.140625
8 0.508594 0.069531 0.098437 0.139063
5 0.617188 0.062500 0.096875 0.125000
10 0.673438 0.098437 0.040625 0.081250
0 0.716406 0.054688 0.095312 0.109375
1 0.841406 0.054688 0.076563 0.109375
3 0.025000 0.705469 0.050000 0.273438
4 0.028906 0.699219 0.057813 0.264062
8 0.134375 0.687500 0.121875 0.271875
0 0.260156 0.670312 0.123438 0.262500
10 0.077344 0.801562 0.023438 0.043750
6 0.520312 0.654687 0.140625 0.440625
8 0.672656 0.631250 0.179688 0.434375
0 0.853125 0.607812 0.162500 0.421875
10 0.772656 0.782031 0.045312 0.076563