1 0.156250 0.064844 0.040625 0.129688
8 0.249219 0.067187 0.095312 0.134375
0 0.376563 0.067187 0.096875 0.134375
0 0.502344 0.067969 0.095312 0.135937
0 0.605469 0.063281 0.067187 0.126562
10 0.442969 0.080469 0.023438 0.048438
1 0.680469 0.084375 0.082812 0.168750
6 0.676562 0.081250 0.075000 0.162500
5 0.679688 0.071094 0.081250 0.142187
10 0.735156 0.053906 0.067187 0.107813
10 0.796875 0.075000 0.128125 0.150000
10 0.925781 0.079687 0.148438 0.159375
2 0.081250 0.597656 0.162500 0.392188
3 0.265625 0.573438 0.137500 0.368750
5 0.428125 0.554688 0.128125 0.331250
10 0.513281 0.700781 0.067187 0.123438
0 0.581250 0.557813 0.115625 0.337500
4 0.682813 0.730469 0.087500 0.376563
4 0.925000 0.725781 0.150000 0.345313
5 0.772656 0.721094 0.170313 0.382812
10 0.851562 0.878906 0.050000 0.101562