3 0.239063 0.398438 0.112500 0.162500
3 0.335156 0.403125 0.126562 0.153125
4 0.428125 0.410156 0.112500 0.139063
7 0.520312 0.418750 0.096875 0.121875
2 0.651563 0.261719 0.103125 0.245312
1 0.796875 0.276562 0.053125 0.237500
1 0.912500 0.291406 0.050000 0.232813
10 0.923438 0.398438 0.021875 0.040625
0 0.970313 0.303125 0.059375 0.243750
4 0.059375 0.813281 0.090625 0.182812
6 0.122656 0.817969 0.085938 0.198437
10 0.150781 0.889844 0.029687 0.048438
0 0.196094 0.827344 0.079687 0.182812
0 0.262500 0.836719 0.081250 0.154688
0 0.591406 0.631250 0.045312 0.231250
0 0.596094 0.643750 0.054688 0.228125
2 0.671875 0.654687 0.093750 0.225000
7 0.767969 0.664844 0.079687 0.229687
1 0.873437 0.677344 0.050000 0.214062
9 0.940625 0.685937 0.087500 0.212500
10 0.970313 0.780469 0.015625 0.029687