3 0.288281 0.090625 0.123438 0.181250
3 0.363281 0.097656 0.092188 0.195312
5 0.723437 0.228125 0.181250 0.318750
4 0.854688 0.261719 0.146875 0.289062
10 0.883594 0.387500 0.035937 0.059375
0 0.947656 0.271875 0.104688 0.300000
1 0.081250 0.834375 0.156250 0.331250
7 0.212500 0.838281 0.193750 0.323437
9 0.334375 0.851562 0.150000 0.296875
2 0.653125 0.598437 0.125000 0.118750
1 0.761719 0.600781 0.104688 0.123438
9 0.833594 0.608594 0.123438 0.139063
10 0.868750 0.650000 0.031250 0.056250
0 0.932813 0.610938 0.112500 0.143750