1 0.028906 0.067969 0.057813 0.135937
9 0.039062 0.091406 0.078125 0.182812
2 0.092969 0.110156 0.170313 0.220312
2 0.195312 0.128906 0.159375 0.257812
8 0.289062 0.148438 0.153125 0.275000
10 0.203906 0.244531 0.026562 0.042188
6 0.629687 0.253125 0.178125 0.293750
3 0.750781 0.275000 0.170313 0.250000
9 0.884375 0.290625 0.181250 0.218750
8 0.954688 0.306250 0.090625 0.187500
10 0.021094 0.753125 0.032813 0.053125
1 0.147656 0.733594 0.092188 0.182812
1 0.018750 0.639844 0.037500 0.164062
6 0.071094 0.707031 0.101562 0.176563
6 0.021875 0.660156 0.043750 0.160938
8 0.028906 0.682813 0.057813 0.181250
4 0.570312 0.678906 0.121875 0.370312
3 0.649219 0.717969 0.204687 0.370312
10 0.678906 0.857031 0.076563 0.114062
7 0.804688 0.757031 0.215625 0.382812
8 0.915625 0.793750 0.168750 0.387500