1 0.050000 0.267188 0.053125 0.268750
9 0.146094 0.278906 0.092188 0.279687
2 0.243750 0.290625 0.106250 0.281250
2 0.350000 0.304688 0.096875 0.278125
8 0.447656 0.316406 0.095312 0.257812
10 0.385937 0.432812 0.018750 0.040625
1 0.533594 0.260937 0.067187 0.521875
8 0.653125 0.263281 0.212500 0.526563
0 0.903906 0.272656 0.192188 0.545312
10 0.778125 0.467187 0.084375 0.181250
4 0.096875 0.719531 0.168750 0.179688
1 0.260156 0.710938 0.098437 0.162500
5 0.369531 0.717187 0.135937 0.175000
10 0.439063 0.650000 0.046875 0.040625
1 0.528125 0.805469 0.056250 0.351562
7 0.560937 0.796875 0.121875 0.334375
0 0.706250 0.795312 0.156250 0.331250
10 0.778125 0.927344 0.043750 0.092188
3 0.891406 0.796875 0.167187 0.334375