4 0.299219 0.221875 0.157812 0.275000
2 0.395313 0.211719 0.109375 0.295312
1 0.519531 0.220312 0.070312 0.159375
4 0.570312 0.218750 0.078125 0.162500
6 0.632031 0.213281 0.082812 0.173437
10 0.666406 0.278125 0.039062 0.056250
0 0.699219 0.206250 0.079687 0.146875
2 0.761719 0.214844 0.085938 0.167187
5 0.159375 0.673438 0.103125 0.228125
0 0.237500 0.671875 0.118750 0.243750
10 0.285938 0.742969 0.040625 0.082812
0 0.323437 0.654687 0.125000 0.253125
0 0.404687 0.663281 0.090625 0.242188
1 0.476562 0.739844 0.053125 0.307812
8 0.490625 0.738281 0.081250 0.351562
0 0.560156 0.705469 0.167187 0.320312
0 0.715625 0.700000 0.143750 0.331250
0 0.872656 0.685937 0.185938 0.350000
10 0.653125 0.857031 0.059375 0.110937