6 0.184375 0.075781 0.078125 0.142187
0 0.239844 0.076563 0.060937 0.137500
0 0.293750 0.080469 0.056250 0.126562
0 0.333594 0.085156 0.032813 0.139063
10 0.266406 0.131250 0.020313 0.043750
4 0.728906 0.114844 0.132812 0.229687
2 0.858594 0.101562 0.142187 0.203125
10 0.933594 0.166406 0.064062 0.101562
0 0.959375 0.103125 0.081250 0.206250
7 0.177344 0.692187 0.117188 0.278125
7 0.288281 0.674219 0.104688 0.242188
10 0.335156 0.772656 0.029687 0.064062
3 0.785937 0.688281 0.115625 0.295312
3 0.955469 0.678906 0.089063 0.285938
9 0.877344 0.680469 0.114062 0.295312