6 0.249219 0.318750 0.132812 0.259375
3 0.346094 0.298438 0.126562 0.256250
0 0.435937 0.282031 0.125000 0.248438
10 0.506250 0.377344 0.012500 0.023438
2 0.525781 0.263281 0.126562 0.251563
2 0.844531 0.367188 0.089063 0.337500
0 0.847656 0.317969 0.095312 0.348438
8 0.848437 0.277344 0.096875 0.351562
10 0.810156 0.378125 0.020313 0.056250
0 0.846094 0.228906 0.092188 0.342187
0 0.891406 0.179688 0.182812 0.334375
2 0.172656 0.903906 0.164062 0.192188
1 0.349219 0.884375 0.104688 0.231250
1 0.491406 0.870313 0.098437 0.259375
10 0.551562 0.988281 0.034375 0.023438
0 0.600000 0.851562 0.181250 0.296875
0 0.725781 0.825000 0.148438 0.328125