6 0.207031 0.250781 0.110937 0.257812
3 0.296094 0.240625 0.085938 0.256250
6 0.427344 0.366406 0.154688 0.245312
6 0.553906 0.353906 0.185938 0.270313
10 0.633594 0.468750 0.039062 0.040625
5 0.685156 0.345313 0.157812 0.287500
4 0.817187 0.348438 0.162500 0.281250
6 0.267188 0.624219 0.065625 0.101562
1 0.314063 0.626563 0.040625 0.096875
0 0.332813 0.623437 0.012500 0.096875
10 0.329688 0.657813 0.012500 0.018750
1 0.617969 0.634375 0.076563 0.290625
9 0.739062 0.636719 0.162500 0.295312
6 0.891406 0.617188 0.151562 0.256250
10 0.982031 0.722656 0.023438 0.039062