6 0.410156 0.335938 0.135937 0.265625
6 0.500781 0.310156 0.126562 0.264062
9 0.585156 0.294531 0.129688 0.267188
8 0.626563 0.275000 0.046875 0.259375
1 0.010156 0.357812 0.020313 0.121875
8 0.035156 0.354687 0.070312 0.153125
1 0.694531 0.141406 0.089063 0.282813
7 0.705469 0.117969 0.110937 0.235937
5 0.713281 0.105469 0.126562 0.210938
10 0.782031 0.120313 0.073438 0.090625
0 0.825781 0.102344 0.235937 0.204687
0 0.935937 0.108594 0.128125 0.217188
3 0.094531 0.889062 0.189062 0.221875
5 0.215625 0.871875 0.193750 0.256250
10 0.304688 0.973437 0.071875 0.053125
0 0.346094 0.852344 0.192188 0.295312
1 0.480469 0.807813 0.164062 0.315625
6 0.872656 0.875000 0.254688 0.250000
9 0.753125 0.902344 0.206250 0.195312