6 0.500000 0.064844 0.100000 0.129688
1 0.117969 0.029687 0.035937 0.059375
8 0.159375 0.037500 0.075000 0.075000
0 0.901563 0.189844 0.196875 0.379688
8 0.730469 0.189844 0.257812 0.379688
6 0.616406 0.181250 0.132812 0.362500
10 0.794531 0.338281 0.079687 0.082812
10 0.309375 0.800781 0.081250 0.098437
0 0.424219 0.665625 0.229687 0.403125
0 0.510156 0.691406 0.079687 0.460938
8 0.244531 0.634375 0.248438 0.418750
2 0.096875 0.601562 0.193750 0.421875
2 0.610938 0.558594 0.121875 0.357812
0 0.735156 0.558594 0.192188 0.357812
8 0.896094 0.574219 0.192188 0.351562
10 0.951562 0.716406 0.071875 0.117188
0 0.975000 0.607031 0.050000 0.360938