2 0.039844 0.306250 0.079687 0.287500
1 0.057031 0.319531 0.114062 0.260937
6 0.157031 0.330469 0.139063 0.239063
7 0.275781 0.345313 0.110937 0.209375
8 0.380469 0.367969 0.157812 0.164062
2 0.517188 0.065625 0.115625 0.131250
3 0.599219 0.067969 0.129688 0.135937
1 0.713281 0.071875 0.092188 0.143750
10 0.732031 0.018750 0.039062 0.037500
0 0.803906 0.073438 0.129688 0.146875
0 0.903906 0.071094 0.110937 0.142187
4 0.030469 0.851562 0.060937 0.246875
5 0.046875 0.860156 0.093750 0.248438
10 0.075781 0.971094 0.042188 0.057813
0 0.139063 0.865625 0.125000 0.268750
1 0.254688 0.882031 0.087500 0.235937
2 0.738281 0.745313 0.151562 0.356250
3 0.882812 0.756250 0.168750 0.362500
10 0.931250 0.870313 0.068750 0.109375
0 0.967969 0.749219 0.064062 0.370312