2 0.246875 0.137500 0.100000 0.156250
7 0.299219 0.127344 0.073438 0.129688
10 0.327344 0.169531 0.020313 0.039062
0 0.343750 0.124219 0.078125 0.132812
0 0.392969 0.112500 0.067187 0.115625
0 0.691406 0.342969 0.082812 0.314063
0 0.703906 0.344531 0.107813 0.310937
0 0.891406 0.310937 0.217188 0.378125
1 0.696875 0.349219 0.093750 0.301563
3 0.707031 0.330469 0.114062 0.339062
6 0.711719 0.303125 0.123438 0.393750
4 0.728906 0.320312 0.157812 0.359375
4 0.796875 0.328125 0.225000 0.343750
0 0.124219 0.761719 0.160938 0.304688
0 0.218750 0.734375 0.171875 0.303125
7 0.317969 0.715625 0.157812 0.290625
6 0.406250 0.697656 0.159375 0.298438
6 0.496094 0.680469 0.160938 0.295312
6 0.578125 0.657031 0.143750 0.289062
10 0.645312 0.761719 0.009375 0.057813
6 0.752344 0.817187 0.201563 0.334375
2 0.881250 0.790625 0.184375 0.331250
10 0.958594 0.876563 0.076563 0.118750
0 0.949219 0.743750 0.101562 0.312500