2 0.347656 0.037500 0.051562 0.075000
7 0.391406 0.034375 0.032813 0.068750
10 0.404687 0.056250 0.009375 0.028125
0 0.426563 0.036719 0.040625 0.073438
4 0.485156 0.250781 0.051562 0.282813
7 0.608594 0.252344 0.085938 0.289062
10 0.657813 0.397656 0.021875 0.032813
6 0.736719 0.253125 0.107813 0.290625
0 0.893750 0.257031 0.128125 0.295312
4 0.339844 0.686719 0.101562 0.135937
9 0.434375 0.693750 0.050000 0.150000
0 0.476562 0.752344 0.034375 0.226562
0 0.475781 0.753906 0.032813 0.223438
2 0.477344 0.754687 0.035937 0.218750
7 0.510938 0.754687 0.056250 0.225000
1 0.616406 0.755469 0.029687 0.210938
9 0.683594 0.757031 0.067187 0.207813
10 0.723437 0.848437 0.012500 0.028125
5 0.772656 0.755469 0.060937 0.214062