2 0.057031 0.066406 0.114062 0.132812
0 0.151562 0.071875 0.143750 0.143750
0 0.378906 0.067187 0.160938 0.134375
0 0.475000 0.075000 0.128125 0.150000
7 0.264062 0.071094 0.153125 0.142187
10 0.319531 0.022656 0.051562 0.045312
3 0.708594 0.212500 0.107813 0.206250
9 0.782031 0.181250 0.114062 0.228125
10 0.833594 0.252344 0.032813 0.051562
0 0.866406 0.163281 0.107813 0.192188
0 0.946875 0.157031 0.103125 0.217188
4 0.078906 0.729688 0.157812 0.540625
2 0.077344 0.710156 0.154688 0.579688
6 0.148438 0.707031 0.265625 0.554688
10 0.270313 0.876563 0.090625 0.159375
0 0.356250 0.672656 0.265625 0.542188
5 0.760156 0.816406 0.185938 0.320312
1 0.897656 0.799219 0.154688 0.329688
10 0.957031 0.904687 0.048438 0.078125
0 0.959375 0.781250 0.081250 0.375000