2 0.306250 0.255469 0.162500 0.276562
0 0.408594 0.298438 0.164062 0.296875
0 0.575781 0.350781 0.067187 0.257812
7 0.523438 0.319531 0.171875 0.292187
10 0.535156 0.426563 0.057813 0.093750
2 0.815625 0.104688 0.165625 0.209375
3 0.932031 0.125781 0.135937 0.251563
5 0.150000 0.757812 0.150000 0.268750
8 0.260156 0.797656 0.154688 0.292187
10 0.282031 0.921875 0.029687 0.040625
0 0.378906 0.840625 0.170313 0.306250
1 0.514062 0.871094 0.134375 0.257812
4 0.664844 0.874219 0.110937 0.251563
1 0.724219 0.902344 0.157812 0.195312
0 0.839063 0.913281 0.206250 0.173437
0 0.939063 0.943750 0.121875 0.112500