5 0.056250 0.116406 0.112500 0.232813
4 0.142187 0.100781 0.175000 0.201563
10 0.210938 0.163281 0.040625 0.060937
0 0.251563 0.088281 0.168750 0.176563
0 0.380469 0.069531 0.142187 0.139063
6 0.622656 0.123438 0.117188 0.190625
9 0.696875 0.110937 0.100000 0.184375
10 0.739062 0.166406 0.028125 0.045312
0 0.763281 0.098437 0.092188 0.175000
0 0.833594 0.085938 0.101562 0.156250
5 0.284375 0.576562 0.121875 0.175000
9 0.365625 0.567969 0.128125 0.157812
10 0.422656 0.587500 0.026562 0.050000
0 0.434375 0.548438 0.068750 0.118750
2 0.599219 0.672656 0.260937 0.367188
0 0.764062 0.644531 0.253125 0.310937
9 0.902344 0.619531 0.195312 0.260937
10 0.978906 0.678125 0.042188 0.125000