5 0.324219 0.279687 0.201563 0.328125
4 0.452344 0.321875 0.167187 0.296875
10 0.469531 0.449219 0.039062 0.060937
0 0.561719 0.339062 0.160938 0.306250
0 0.689844 0.369531 0.135937 0.279687
4 0.860938 0.135937 0.121875 0.271875
2 0.853906 0.146094 0.107813 0.292187
0 0.897656 0.156250 0.195312 0.312500
10 0.939844 0.286719 0.082812 0.110937
0 0.971875 0.184375 0.056250 0.368750
4 0.401562 0.839844 0.165625 0.310937
5 0.489844 0.851562 0.164062 0.296875
4 0.574219 0.872656 0.148438 0.254688
0 0.655469 0.880469 0.145313 0.239063
9 0.734375 0.888281 0.131250 0.223438
2 0.852344 0.672656 0.104688 0.285938
2 0.905469 0.690625 0.189062 0.321875
10 0.957031 0.793750 0.082812 0.128125