1 0.001563 0.129688 0.003125 0.150000
8 0.017969 0.130469 0.035937 0.170313
1 0.007031 0.449219 0.014063 0.120313
4 0.085938 0.168750 0.125000 0.278125
4 0.184375 0.162500 0.115625 0.268750
1 0.304688 0.164062 0.071875 0.253125
4 0.377344 0.154688 0.110937 0.250000
10 0.410938 0.275781 0.021875 0.045312
7 0.473438 0.142969 0.100000 0.276562
2 0.610156 0.146875 0.082812 0.293750
1 0.607031 0.145313 0.076563 0.290625
8 0.606250 0.131250 0.075000 0.262500
10 0.600781 0.196875 0.051562 0.084375
0 0.656250 0.126562 0.175000 0.253125
0 0.776563 0.101562 0.156250 0.203125
2 0.154688 0.641406 0.128125 0.245312
9 0.264844 0.628906 0.123438 0.220312
10 0.314844 0.697656 0.045312 0.067187
0 0.356250 0.622656 0.118750 0.207813
0 0.465625 0.614844 0.131250 0.192188
1 0.636719 0.940625 0.070312 0.118750
0 0.742188 0.936719 0.137500 0.126562
0 0.878125 0.923438 0.134375 0.153125