3 0.152344 0.059375 0.117188 0.118750
8 0.256250 0.059375 0.128125 0.118750
0 0.356250 0.062500 0.134375 0.125000
10 0.279687 0.007812 0.021875 0.015625
6 0.525000 0.092188 0.112500 0.184375
3 0.622656 0.083594 0.182812 0.167187
10 0.661719 0.117969 0.042188 0.057813
0 0.764062 0.089844 0.175000 0.179688
0 0.889062 0.101562 0.190625 0.203125
1 0.027344 0.738281 0.054688 0.289062
3 0.058594 0.760156 0.117188 0.298438
5 0.180469 0.784375 0.157812 0.300000
10 0.219531 0.902344 0.026562 0.035937
0 0.309375 0.829688 0.181250 0.315625
0 0.410156 0.841406 0.117188 0.301563
2 0.590625 0.504687 0.200000 0.231250
2 0.742969 0.506250 0.170313 0.234375
6 0.871094 0.521875 0.192188 0.265625
10 0.926562 0.620313 0.075000 0.118750
0 0.964063 0.537500 0.071875 0.296875