3 0.095312 0.057813 0.075000 0.115625
8 0.201563 0.057031 0.087500 0.114062
0 0.303906 0.060156 0.089063 0.120313
10 0.250000 0.007031 0.015625 0.014063
9 0.467969 0.166406 0.135937 0.332813
1 0.460938 0.145313 0.121875 0.290625
1 0.895312 0.142187 0.131250 0.284375
0 0.653125 0.144531 0.231250 0.289062
10 0.528906 0.235937 0.064062 0.118750
10 0.327344 0.521094 0.095312 0.323437
6 0.658594 0.471875 0.092188 0.171875
0 0.728125 0.478125 0.068750 0.168750
0 0.796094 0.487500 0.064062 0.153125
0 0.861719 0.496875 0.067187 0.168750
10 0.755469 0.547656 0.023438 0.051562