2 0.028906 0.141406 0.057813 0.242188
0 0.075000 0.157812 0.121875 0.253125
3 0.187500 0.166406 0.100000 0.235937
0 0.286719 0.178906 0.114062 0.239063
0 0.396875 0.185938 0.109375 0.234375
10 0.217188 0.265625 0.021875 0.037500
4 0.859375 0.357812 0.146875 0.293750
4 0.951562 0.378125 0.096875 0.278125
10 0.990625 0.475781 0.018750 0.089063
2 0.051562 0.835156 0.103125 0.329688
3 0.164844 0.837500 0.179688 0.325000
5 0.328125 0.851562 0.165625 0.296875
0 0.475781 0.846875 0.148438 0.306250
3 0.775781 0.953906 0.145313 0.092188
0 0.882812 0.960938 0.162500 0.078125