0 0.026562 0.121094 0.053125 0.242188
0 0.026562 0.110937 0.053125 0.221875
5 0.035156 0.104688 0.070312 0.209375
5 0.135937 0.098437 0.093750 0.196875
5 0.248438 0.093750 0.093750 0.187500
1 0.009375 0.108594 0.018750 0.217188
10 0.305469 0.175000 0.017188 0.028125
4 0.762500 0.060156 0.090625 0.120313
2 0.845313 0.058594 0.078125 0.117188
10 0.881250 0.092188 0.037500 0.046875
9 0.925781 0.050781 0.089063 0.101562
1 0.027344 0.578125 0.054688 0.387500
7 0.060937 0.560156 0.121875 0.357812
5 0.202344 0.562500 0.117188 0.331250
10 0.269531 0.713281 0.048438 0.114062
0 0.298438 0.568750 0.040625 0.365625
3 0.610156 0.683594 0.076563 0.232813
8 0.716406 0.682813 0.089063 0.231250
0 0.820312 0.682813 0.093750 0.243750
1 0.951562 0.677344 0.050000 0.210938
10 0.764844 0.785156 0.017188 0.029687