0 0.366406 0.471094 0.114062 0.095312
1 0.282031 0.482812 0.048438 0.071875
4 0.498437 0.139063 0.096875 0.278125
9 0.588281 0.143750 0.120313 0.287500
6 0.692187 0.146875 0.137500 0.293750
10 0.736719 0.257812 0.032813 0.053125
1 0.803125 0.135156 0.100000 0.270313
2 0.038281 0.847656 0.076563 0.304688
1 0.028125 0.845313 0.056250 0.309375
5 0.085156 0.832031 0.123438 0.335938
10 0.159375 0.961719 0.056250 0.076563
0 0.219531 0.839844 0.160938 0.320312
0 0.346094 0.855469 0.157812 0.289062
4 0.625000 0.625000 0.171875 0.212500
3 0.803125 0.609375 0.137500 0.181250
10 0.886719 0.656250 0.054688 0.093750
0 0.936719 0.617969 0.126562 0.198437