0 0.025781 0.083594 0.051562 0.167187
0 0.052344 0.082812 0.104688 0.165625
4 0.139844 0.078125 0.104688 0.156250
3 0.221094 0.089063 0.101562 0.178125
0 0.307031 0.082812 0.104688 0.165625
3 0.389844 0.087500 0.095312 0.175000
6 0.439844 0.108594 0.020313 0.123438
10 0.420312 0.144531 0.021875 0.035937
1 0.490625 0.164844 0.081250 0.329688
7 0.508594 0.171094 0.117188 0.342187
8 0.621094 0.182812 0.210938 0.365625
10 0.695312 0.302344 0.087500 0.132812
6 0.819531 0.184375 0.214062 0.368750
0 0.953125 0.184375 0.093750 0.368750
1 0.027344 0.793750 0.054688 0.328125
8 0.041406 0.771094 0.082812 0.367188
10 0.046875 0.918750 0.056250 0.093750
0 0.139063 0.806250 0.171875 0.346875
1 0.296094 0.810937 0.148438 0.321875
7 0.533594 0.484375 0.123438 0.231250
9 0.668750 0.480469 0.128125 0.223438
0 0.802344 0.495312 0.135937 0.253125
0 0.935156 0.497656 0.129688 0.257812
10 0.712500 0.572656 0.034375 0.048438