0 0.025781 0.147656 0.051562 0.257812
0 0.035156 0.132031 0.070312 0.257812
4 0.103906 0.118750 0.107813 0.237500
3 0.185938 0.123438 0.103125 0.246875
0 0.269531 0.111719 0.107813 0.223438
3 0.336719 0.109375 0.064062 0.218750
2 0.543750 0.301563 0.193750 0.315625
0 0.753125 0.292969 0.187500 0.332813
3 0.936719 0.282813 0.126562 0.353125
7 0.225781 0.860156 0.123438 0.279687
9 0.332813 0.861719 0.071875 0.276562
6 0.459375 0.603906 0.181250 0.289062
3 0.622656 0.591406 0.182812 0.264062
10 0.693750 0.664844 0.065625 0.123438
0 0.774219 0.587500 0.173437 0.256250
0 0.917188 0.593750 0.165625 0.268750