1 0.175781 0.046094 0.098437 0.092188
5 0.223438 0.050781 0.112500 0.101562
0 0.279687 0.066406 0.128125 0.132812
10 0.296875 0.092969 0.040625 0.064062
4 0.353125 0.073438 0.109375 0.146875
6 0.408594 0.077344 0.107813 0.154688
9 0.690625 0.288281 0.218750 0.389062
9 0.838281 0.327344 0.217188 0.357812
10 0.867969 0.470313 0.064062 0.078125
0 0.935156 0.343750 0.129688 0.331250
8 0.114844 0.733594 0.135937 0.242188
5 0.207031 0.746094 0.145313 0.235937
10 0.228125 0.827344 0.043750 0.051562
0 0.294531 0.760938 0.132812 0.246875
2 0.388281 0.768750 0.145313 0.243750
2 0.556250 0.808594 0.134375 0.354687
8 0.675000 0.832812 0.184375 0.334375
2 0.817969 0.850000 0.170313 0.300000
10 0.847656 0.980469 0.042188 0.039062
0 0.931250 0.855469 0.137500 0.289062