0 0.150781 0.399219 0.107813 0.273438
8 0.244531 0.393750 0.101562 0.259375
7 0.335938 0.374219 0.087500 0.251563
1 0.428906 0.217969 0.098437 0.382812
1 0.860938 0.198437 0.140625 0.343750
4 0.677344 0.202344 0.167187 0.367188
9 0.528125 0.215625 0.168750 0.384375
10 0.761719 0.339062 0.067187 0.100000
1 0.063281 0.833594 0.126562 0.332813
0 0.328906 0.817969 0.101562 0.364063
4 0.190625 0.832812 0.184375 0.334375
1 0.931250 0.892969 0.115625 0.214062
0 0.782813 0.899219 0.143750 0.201563
3 0.648438 0.908594 0.134375 0.182812
4 0.500000 0.908594 0.171875 0.182812