0 0.167187 0.221875 0.090625 0.265625
8 0.260156 0.228906 0.085938 0.254688
7 0.357812 0.221875 0.078125 0.246875
4 0.780469 0.237500 0.123438 0.293750
5 0.932813 0.251563 0.118750 0.318750
10 0.979688 0.389844 0.040625 0.085938
1 0.021875 0.710156 0.043750 0.429688
7 0.121094 0.722656 0.154688 0.376563
3 0.041406 0.718750 0.082812 0.437500
0 0.292969 0.750000 0.185938 0.396875
10 0.180469 0.902344 0.057813 0.101562
0 0.704688 0.577344 0.175000 0.235937
0 0.887500 0.582812 0.203125 0.246875
8 0.513281 0.576562 0.192188 0.234375
6 0.455469 0.566406 0.092188 0.214062
10 0.593750 0.650781 0.062500 0.110937