0 0.019531 0.183594 0.039062 0.223438
0 0.021094 0.190625 0.042188 0.225000
1 0.078125 0.200781 0.037500 0.207813
3 0.142187 0.205469 0.081250 0.223438
6 0.223438 0.209375 0.075000 0.218750
4 0.309375 0.219531 0.081250 0.214062
3 0.395313 0.222656 0.071875 0.214062
9 0.476562 0.236719 0.075000 0.223438
10 0.421094 0.324219 0.014063 0.029687
4 0.679688 0.090625 0.162500 0.181250
4 0.828906 0.085938 0.151562 0.171875
10 0.888281 0.099219 0.039062 0.064062
0 0.949219 0.085938 0.101562 0.171875
2 0.334375 0.588281 0.118750 0.264062
9 0.446875 0.591406 0.115625 0.251563
10 0.477344 0.683594 0.042188 0.067187
0 0.511719 0.592187 0.054688 0.259375
2 0.703906 0.653906 0.154688 0.373437
2 0.868750 0.674219 0.146875 0.367188
4 0.983594 0.680469 0.032813 0.329688