0 0.100781 0.097656 0.107813 0.195312
0 0.188281 0.107031 0.114062 0.214062
1 0.290625 0.119531 0.065625 0.204687
3 0.354687 0.130469 0.109375 0.226562
6 0.435156 0.142969 0.104688 0.220312
4 0.518750 0.160938 0.106250 0.218750
3 0.571094 0.171094 0.035937 0.214062
4 0.846875 0.383594 0.243750 0.404687
7 0.957812 0.409375 0.084375 0.359375
3 0.390625 0.897656 0.137500 0.204687
7 0.519531 0.909375 0.129688 0.181250
1 0.628906 0.815625 0.079687 0.368750
1 0.695312 0.826562 0.131250 0.346875
2 0.796875 0.841406 0.184375 0.317188
10 0.844531 0.982812 0.060937 0.034375
0 0.929688 0.853125 0.140625 0.293750