1 0.042969 0.151562 0.032813 0.090625
3 0.075000 0.143750 0.050000 0.103125
5 0.116406 0.135937 0.045312 0.096875
0 0.160156 0.126562 0.051562 0.100000
0 0.200000 0.114844 0.062500 0.114062
10 0.142969 0.167969 0.014063 0.026562
5 0.693750 0.109375 0.221875 0.218750
9 0.838281 0.091406 0.195312 0.182812
10 0.943750 0.110156 0.078125 0.145313
0 0.941406 0.098437 0.117188 0.196875
5 0.302344 0.804688 0.254688 0.390625
3 0.407031 0.770312 0.145313 0.321875
2 0.592969 0.728125 0.226562 0.237500
7 0.750781 0.732812 0.273438 0.246875
5 0.893750 0.733594 0.212500 0.248438