0 0.089063 0.057031 0.131250 0.114062
3 0.182031 0.057813 0.129688 0.115625
4 0.274219 0.053906 0.132812 0.107813
0 0.360156 0.064062 0.139063 0.128125
1 0.442188 0.072656 0.075000 0.145313
10 0.468750 0.130469 0.021875 0.051562
5 0.539062 0.247656 0.118750 0.445312
2 0.631250 0.280469 0.221875 0.417187
10 0.694531 0.473438 0.042188 0.031250
0 0.841406 0.303125 0.239063 0.371875
1 0.034375 0.885938 0.068750 0.228125
8 0.089063 0.872656 0.178125 0.254688
0 0.214844 0.903906 0.201563 0.192188
1 0.371094 0.925000 0.176563 0.150000
1 0.789062 0.656250 0.100000 0.231250
2 0.860938 0.682813 0.134375 0.256250
4 0.944531 0.700000 0.110937 0.231250
10 0.978125 0.794531 0.034375 0.064062
0 0.985938 0.723437 0.028125 0.240625