3 0.018750 0.123438 0.037500 0.187500
3 0.023438 0.099219 0.046875 0.179688
1 0.095312 0.112500 0.118750 0.225000
6 0.169531 0.114844 0.154688 0.229687
4 0.260156 0.108594 0.148438 0.217188
2 0.348438 0.100000 0.146875 0.200000
2 0.410156 0.082812 0.117188 0.165625
10 0.460938 0.121094 0.015625 0.060937
1 0.500000 0.064844 0.062500 0.129688
1 0.553125 0.059375 0.112500 0.118750
0 0.622656 0.062500 0.135937 0.125000
0 0.728125 0.062500 0.137500 0.125000
3 0.831250 0.060937 0.134375 0.121875
10 0.689063 0.015625 0.046875 0.031250
4 0.052344 0.905469 0.104688 0.189062
4 0.117969 0.895312 0.098437 0.184375
10 0.177344 0.956250 0.048438 0.087500
0 0.203906 0.882031 0.107813 0.192188
0 0.279687 0.859375 0.125000 0.234375
3 0.523438 0.838281 0.109375 0.323437
1 0.510156 0.839063 0.082812 0.321875
9 0.594531 0.819531 0.176563 0.360938
3 0.727344 0.810937 0.173437 0.365625
5 0.850781 0.786719 0.157812 0.354687
10 0.812500 0.960156 0.031250 0.051562