3 0.027344 0.045312 0.054688 0.090625
3 0.081250 0.043750 0.078125 0.087500
2 0.510156 0.303125 0.123438 0.071875
8 0.607812 0.300000 0.112500 0.078125
0 0.695312 0.307812 0.100000 0.062500
0 0.782031 0.301563 0.110937 0.075000
1 0.006250 0.415625 0.012500 0.150000
8 0.024219 0.426563 0.048438 0.168750
1 0.006250 0.750000 0.012500 0.118750
2 0.497656 0.696875 0.145313 0.300000
6 0.617188 0.707812 0.143750 0.278125
2 0.734375 0.706250 0.140625 0.303125
10 0.786719 0.789062 0.051562 0.090625
0 0.859375 0.725781 0.143750 0.320312
0 0.954688 0.703125 0.090625 0.240625