4 0.196875 0.059375 0.137500 0.118750
8 0.294531 0.060937 0.151562 0.121875
10 0.325000 0.024219 0.050000 0.048438
0 0.395313 0.067187 0.140625 0.134375
0 0.471094 0.057813 0.095312 0.115625
2 0.583594 0.322656 0.129688 0.292187
1 0.625781 0.357031 0.142187 0.223438
5 0.778125 0.357031 0.228125 0.223438
9 0.932031 0.378125 0.135937 0.181250
6 0.415625 0.793750 0.115625 0.193750
9 0.478125 0.810937 0.081250 0.187500
10 0.503125 0.881250 0.028125 0.043750
8 0.606250 0.663281 0.175000 0.389062
5 0.637500 0.678125 0.237500 0.418750
10 0.642969 0.835156 0.120313 0.167187
0 0.824219 0.718750 0.351562 0.500000
0 0.937500 0.731250 0.125000 0.525000