2 0.140625 0.110156 0.112500 0.220312
1 0.285156 0.107813 0.092188 0.215625
0 0.396094 0.114062 0.107813 0.228125
10 0.438281 0.188281 0.032813 0.054688
0 0.507031 0.124219 0.098437 0.248438
4 0.595313 0.217969 0.053125 0.320312
8 0.611719 0.229687 0.085938 0.278125
0 0.740625 0.241406 0.128125 0.298438
0 0.881250 0.254688 0.106250 0.287500
10 0.658594 0.357031 0.023438 0.039062
2 0.030469 0.678125 0.060937 0.178125
1 0.131250 0.657031 0.100000 0.135937
1 0.242969 0.658594 0.070312 0.139063
0 0.345313 0.655469 0.109375 0.132812
0 0.462500 0.657813 0.087500 0.137500
10 0.279687 0.610938 0.037500 0.043750
6 0.643750 0.681250 0.150000 0.184375
6 0.810156 0.676562 0.151562 0.175000
10 0.873437 0.686719 0.050000 0.073438
0 0.941406 0.673438 0.117188 0.168750