2 0.025781 0.078125 0.051562 0.156250
1 0.021875 0.079687 0.043750 0.159375
0 0.025000 0.088281 0.050000 0.176563
10 0.007031 0.142969 0.014063 0.045312
0 0.047656 0.099219 0.095312 0.198437
0 0.137500 0.102344 0.090625 0.204687
7 0.511719 0.111719 0.064062 0.223438
4 0.564063 0.117188 0.121875 0.234375
10 0.604688 0.212500 0.056250 0.081250
0 0.670312 0.129688 0.131250 0.259375
0 0.789062 0.131250 0.134375 0.262500
5 0.040625 0.564844 0.081250 0.170313
0 0.175000 0.561719 0.140625 0.164062
0 0.327344 0.571094 0.148438 0.182812
0 0.442969 0.567187 0.073438 0.175000
10 0.235156 0.628125 0.026562 0.037500
4 0.917969 0.864062 0.120313 0.271875
9 0.975781 0.865625 0.048438 0.268750
8 0.574219 0.760156 0.067187 0.139063
1 0.532813 0.754687 0.037500 0.140625