1 0.009375 0.052344 0.018750 0.104688
1 0.008594 0.053125 0.017188 0.106250
4 0.010937 0.062500 0.021875 0.125000
10 0.003906 0.109375 0.007812 0.031250
0 0.014063 0.058594 0.028125 0.117188
0 0.012500 0.064062 0.025000 0.128125
5 0.640625 0.057813 0.075000 0.115625
9 0.724219 0.057031 0.076563 0.114062
10 0.770312 0.064844 0.015625 0.048438
0 0.817969 0.048438 0.073438 0.096875
1 0.910937 0.048438 0.062500 0.096875
1 0.034375 0.637500 0.040625 0.284375
8 0.142187 0.639062 0.118750 0.318750
6 0.253906 0.627344 0.051562 0.301563
3 0.576562 0.872656 0.168750 0.254688
9 0.710938 0.868750 0.137500 0.262500
0 0.848437 0.865625 0.143750 0.268750
2 0.954688 0.860156 0.090625 0.279687