1 0.105469 0.227344 0.060937 0.132812
1 0.155469 0.232813 0.054688 0.137500
4 0.197656 0.260937 0.064062 0.140625
10 0.209375 0.316406 0.021875 0.032813
0 0.247656 0.267969 0.076563 0.129688
0 0.299219 0.281250 0.070312 0.140625
1 0.702344 0.457813 0.145313 0.343750
7 0.807031 0.464062 0.176563 0.331250
6 0.912500 0.489844 0.175000 0.279687
10 0.955469 0.610156 0.057813 0.039062
2 0.063281 0.822656 0.126562 0.354687
0 0.075000 0.839844 0.150000 0.320312
0 0.338281 0.858594 0.210938 0.282813
0 0.497656 0.868750 0.223438 0.262500
9 0.187500 0.846875 0.187500 0.306250
7 0.736719 0.860938 0.198437 0.278125
1 0.902344 0.873437 0.173437 0.253125