2 0.289844 0.032031 0.067187 0.064062
0 0.337500 0.040625 0.071875 0.081250
1 0.389062 0.047656 0.056250 0.095312
10 0.390625 0.082031 0.015625 0.029687
0 0.431250 0.057031 0.071875 0.114062
4 0.745313 0.046094 0.103125 0.092188
8 0.824219 0.046875 0.114062 0.093750
10 0.850000 0.022656 0.037500 0.045312
0 0.906250 0.053125 0.106250 0.106250
0 0.965625 0.045312 0.068750 0.090625
7 0.040625 0.613281 0.081250 0.289062
4 0.041406 0.626563 0.082812 0.315625
0 0.136719 0.657031 0.164062 0.329688
0 0.276562 0.676562 0.159375 0.321875
10 0.028125 0.768750 0.037500 0.050000
5 0.629687 0.592969 0.081250 0.248438
2 0.646094 0.604688 0.114062 0.271875
0 0.715625 0.610156 0.153125 0.282813
9 0.813281 0.626563 0.154688 0.309375
10 0.819531 0.746094 0.029687 0.054688
3 0.905469 0.637500 0.145313 0.287500