2 0.021875 0.141406 0.043750 0.164062
0 0.023438 0.164062 0.046875 0.171875
1 0.028125 0.195312 0.056250 0.153125
10 0.020313 0.253125 0.021875 0.037500
0 0.071875 0.216406 0.093750 0.167187
2 0.539844 0.204687 0.173437 0.303125
1 0.721875 0.248438 0.115625 0.309375
2 0.824219 0.272656 0.176563 0.314063
10 0.854688 0.421094 0.028125 0.039062
0 0.936719 0.317188 0.126562 0.312500
6 0.042969 0.732812 0.085938 0.165625
0 0.047656 0.736719 0.095312 0.173437
10 0.015625 0.696094 0.031250 0.060937
0 0.116406 0.732031 0.195312 0.164062
2 0.247656 0.729688 0.179688 0.159375
6 0.660156 0.940625 0.148438 0.118750
2 0.753906 0.960938 0.129688 0.078125