6 0.346094 0.106250 0.107813 0.212500
7 0.441406 0.096094 0.092188 0.192188
10 0.485156 0.167187 0.032813 0.075000
0 0.524219 0.093750 0.095312 0.187500
0 0.602344 0.104688 0.098437 0.209375
6 0.785937 0.347656 0.112500 0.192188
8 0.875000 0.355469 0.090625 0.214062
10 0.919531 0.418750 0.039062 0.065625
0 0.956250 0.342969 0.087500 0.207813
1 0.150000 0.699219 0.081250 0.179688
9 0.277344 0.693750 0.139063 0.168750
8 0.428906 0.689844 0.145313 0.160938
10 0.504687 0.731250 0.037500 0.056250
0 0.582031 0.693750 0.157812 0.168750
3 0.678906 0.713281 0.042188 0.207813
2 0.746094 0.843750 0.092188 0.312500
2 0.736719 0.821875 0.073438 0.346875
8 0.736719 0.830469 0.073438 0.314063
10 0.752344 0.934375 0.079687 0.081250
0 0.811719 0.827344 0.145313 0.301563
0 0.929688 0.808594 0.140625 0.245312