5 0.350000 0.309375 0.168750 0.300000
4 0.421875 0.316406 0.056250 0.276562
6 0.629687 0.402344 0.165625 0.314063
8 0.781250 0.432031 0.156250 0.320312
0 0.923438 0.452344 0.153125 0.304688
10 0.814063 0.571094 0.028125 0.045312
7 0.085156 0.821094 0.170313 0.204687
4 0.244531 0.821094 0.201563 0.204687
0 0.385937 0.821094 0.128125 0.204687
10 0.292187 0.852344 0.046875 0.060937
4 0.592969 0.842187 0.195312 0.246875
5 0.717187 0.849219 0.178125 0.260937
10 0.757031 0.921094 0.057813 0.098437
0 0.843750 0.859375 0.181250 0.281250
1 0.960938 0.859375 0.078125 0.281250