5 0.335938 0.268750 0.115625 0.262500
7 0.462500 0.240625 0.109375 0.259375
0 0.564844 0.226562 0.117188 0.275000
3 0.682813 0.202344 0.118750 0.254688
10 0.521875 0.339844 0.021875 0.039062
1 0.798438 0.215625 0.059375 0.340625
9 0.844531 0.242188 0.151562 0.328125
9 0.945312 0.215625 0.109375 0.306250
1 0.120313 0.778125 0.143750 0.343750
9 0.222656 0.771875 0.176563 0.337500
3 0.364844 0.765625 0.160938 0.362500
10 0.428125 0.874219 0.062500 0.095312
0 0.485156 0.773438 0.179688 0.368750
1 0.628125 0.736719 0.156250 0.314063
8 0.861719 0.857031 0.185938 0.285938
3 0.966406 0.857031 0.067187 0.285938