2 0.019531 0.041406 0.039062 0.082812
1 0.095312 0.039062 0.031250 0.078125
1 0.171094 0.039062 0.026562 0.078125
0 0.224219 0.037500 0.057813 0.075000
0 0.296094 0.039844 0.064062 0.079687
10 0.185938 0.006250 0.015625 0.012500
4 0.053125 0.410156 0.106250 0.279687
6 0.163281 0.435937 0.110937 0.284375
10 0.217969 0.548438 0.057813 0.096875
0 0.289062 0.465625 0.118750 0.325000
0 0.403906 0.472656 0.148438 0.307812
2 0.703906 0.617969 0.160938 0.292187
1 0.869531 0.610156 0.098437 0.307812
8 0.955469 0.606250 0.089063 0.290625