2 0.027344 0.248438 0.054688 0.171875
1 0.100000 0.234375 0.053125 0.156250
1 0.171875 0.213281 0.050000 0.157812
0 0.225781 0.206250 0.079687 0.156250
0 0.295312 0.190625 0.087500 0.165625
10 0.204687 0.273438 0.018750 0.028125
4 0.600781 0.408594 0.123438 0.323437
6 0.713281 0.391406 0.157812 0.317188
10 0.799219 0.496094 0.070312 0.120313
0 0.865625 0.360156 0.193750 0.339062
1 0.245312 0.840625 0.128125 0.318750
2 0.357031 0.810156 0.192188 0.339062
0 0.465625 0.767188 0.146875 0.315625
4 0.581250 0.735938 0.084375 0.253125
6 0.602344 0.725000 0.126562 0.231250
10 0.674219 0.788281 0.070312 0.120313
0 0.739844 0.715625 0.195312 0.212500