6 0.235937 0.304688 0.087500 0.268750
7 0.365625 0.306250 0.065625 0.253125
0 0.470313 0.307031 0.087500 0.264062
10 0.406250 0.417187 0.025000 0.037500
2 0.577344 0.301563 0.076563 0.275000
3 0.675781 0.293750 0.126562 0.290625
5 0.839063 0.300000 0.115625 0.278125
0 0.970313 0.287500 0.059375 0.303125
6 0.089844 0.585938 0.179688 0.293750
6 0.443750 0.596875 0.175000 0.315625
3 0.258594 0.565625 0.151562 0.253125
10 0.331250 0.657813 0.071875 0.118750
6 0.578906 0.736719 0.079687 0.404687
5 0.598437 0.743750 0.118750 0.403125
10 0.653906 0.914062 0.076563 0.125000
0 0.753906 0.780469 0.176563 0.395313
0 0.921094 0.788281 0.157812 0.423438