4 0.028125 0.060156 0.056250 0.120313
1 0.016406 0.057813 0.032813 0.115625
0 0.029687 0.058594 0.059375 0.117188
0 0.060937 0.060156 0.118750 0.120313
10 0.007031 0.010937 0.014063 0.021875
3 0.473438 0.234375 0.137500 0.150000
5 0.567187 0.231250 0.146875 0.156250
5 0.734375 0.213281 0.146875 0.192188
2 0.651563 0.225781 0.131250 0.167187
9 0.823438 0.211719 0.137500 0.195312
5 0.037500 0.474219 0.075000 0.251563
8 0.035156 0.478906 0.070312 0.270313
10 0.010937 0.533594 0.021875 0.082812
0 0.035156 0.439063 0.070312 0.243750
0 0.042969 0.428125 0.085938 0.237500
1 0.790625 0.688281 0.112500 0.289062
1 0.394531 0.693750 0.029687 0.153125
8 0.404687 0.700781 0.050000 0.179688
9 0.860156 0.695312 0.129688 0.306250
5 0.942187 0.683594 0.115625 0.285938
7 0.985938 0.657813 0.028125 0.284375