1 0.029687 0.075000 0.059375 0.150000
6 0.073438 0.079687 0.146875 0.159375
0 0.037500 0.075781 0.075000 0.151562
0 0.208594 0.081250 0.173437 0.162500
0 0.340625 0.085156 0.187500 0.170313
10 0.152344 0.052344 0.051562 0.104688
2 0.514844 0.211719 0.070312 0.314063
2 0.555469 0.194531 0.151562 0.304688
10 0.641406 0.303125 0.032813 0.043750
0 0.705469 0.164062 0.173437 0.315625
0 0.849219 0.148438 0.179688 0.296875
0 0.052344 0.684375 0.104688 0.296875
0 0.142187 0.667188 0.143750 0.278125
0 0.331250 0.634375 0.140625 0.259375
0 0.464844 0.607031 0.029687 0.254688
2 0.239063 0.656250 0.131250 0.278125
2 0.196094 0.861719 0.092188 0.154688
9 0.421094 0.627344 0.117188 0.264062
4 0.661719 0.607031 0.157812 0.320312
7 0.763281 0.557031 0.120313 0.254688
10 0.840625 0.677344 0.040625 0.117188
0 0.873437 0.564844 0.153125 0.270313
0 0.955469 0.553906 0.089063 0.248438