2 0.124219 0.054688 0.117188 0.109375
1 0.221875 0.049219 0.081250 0.098437
1 0.293750 0.053125 0.068750 0.106250
10 0.306250 0.015625 0.025000 0.031250
0 0.362500 0.048438 0.096875 0.096875
2 0.425781 0.050781 0.067187 0.101562
7 0.643750 0.335156 0.121875 0.148438
3 0.728906 0.346875 0.098437 0.125000
0 0.818750 0.347656 0.118750 0.123438
1 0.925000 0.352344 0.090625 0.114062
6 0.028125 0.474219 0.056250 0.129688
0 0.027344 0.475000 0.054688 0.131250
10 0.013281 0.507031 0.026562 0.064062
0 0.077344 0.478906 0.117188 0.139063
1 0.192969 0.483594 0.104688 0.148438
0 0.494531 0.535937 0.070312 0.253125
0 0.492969 0.537500 0.067187 0.256250
0 0.575000 0.552344 0.128125 0.285938
5 0.682031 0.558594 0.123438 0.298438
4 0.789844 0.579688 0.117188 0.275000
2 0.890625 0.600781 0.115625 0.292187
8 0.966406 0.615625 0.067187 0.287500
10 0.919531 0.743750 0.010937 0.021875