4 0.028125 0.148438 0.056250 0.243750
3 0.049219 0.137500 0.098437 0.243750
0 0.144531 0.117188 0.110937 0.234375
1 0.266406 0.097656 0.073438 0.195312
10 0.103906 0.216406 0.023438 0.039062
4 0.570312 0.154688 0.121875 0.309375
2 0.566406 0.154688 0.114062 0.309375
5 0.610156 0.153906 0.195312 0.307812
10 0.706250 0.216406 0.059375 0.095312
0 0.758594 0.130469 0.217188 0.260937
1 0.924219 0.100000 0.151562 0.200000
1 0.029687 0.727344 0.059375 0.307812
8 0.085938 0.713281 0.171875 0.351562
0 0.226562 0.665625 0.175000 0.321875
0 0.382031 0.644531 0.154688 0.329688
0 0.474219 0.613281 0.070312 0.351562
10 0.329688 0.807813 0.062500 0.112500
3 0.614844 0.555469 0.123438 0.276562
4 0.732031 0.536719 0.117188 0.267188
8 0.854688 0.511719 0.143750 0.279687
0 0.952344 0.480469 0.095312 0.270313
10 0.807813 0.631250 0.028125 0.046875