4 0.029687 0.060937 0.059375 0.121875
3 0.026562 0.060937 0.053125 0.121875
0 0.070312 0.059375 0.118750 0.118750
1 0.192969 0.052344 0.079687 0.104688
10 0.025000 0.009375 0.025000 0.018750
9 0.472656 0.108594 0.067187 0.179688
9 0.528125 0.100781 0.103125 0.189062
9 0.600781 0.092969 0.114062 0.185938
10 0.642188 0.134375 0.031250 0.043750
0 0.671875 0.078125 0.096875 0.156250
0 0.743750 0.065625 0.103125 0.131250
1 0.201563 0.845313 0.175000 0.306250
0 0.314063 0.834375 0.171875 0.300000
10 0.380469 0.907813 0.060937 0.096875
0 0.391406 0.795312 0.095312 0.281250
8 0.525781 0.634375 0.173437 0.296875
4 0.650000 0.606250 0.159375 0.290625
8 0.770312 0.592187 0.165625 0.306250
2 0.913281 0.567969 0.164062 0.314063