1 0.249219 0.311719 0.057813 0.185938
8 0.311719 0.331250 0.104688 0.212500
3 0.396875 0.358594 0.093750 0.195312
0 0.477344 0.375000 0.101562 0.196875
1 0.576562 0.398438 0.062500 0.175000
10 0.413281 0.441406 0.023438 0.029687
4 0.820312 0.078906 0.187500 0.157812
5 0.934375 0.079687 0.131250 0.159375
10 0.980469 0.080469 0.039062 0.085938
6 0.121875 0.650781 0.206250 0.201563
2 0.308594 0.643750 0.201563 0.187500
10 0.342187 0.564844 0.046875 0.029687
0 0.471875 0.639062 0.206250 0.178125
0 0.619531 0.640625 0.195312 0.181250
4 0.932813 0.817969 0.134375 0.273438
0 0.979688 0.845313 0.040625 0.296875