1 0.210156 0.096875 0.079687 0.193750
8 0.288281 0.121094 0.142187 0.242188
3 0.385156 0.147656 0.107813 0.245312
10 0.417187 0.253906 0.031250 0.039062
5 0.817187 0.157812 0.184375 0.281250
2 0.930469 0.163281 0.139063 0.235937
0 0.982031 0.180469 0.035937 0.251563
10 0.969531 0.256250 0.054688 0.078125
1 0.085938 0.737500 0.171875 0.196875
7 0.208594 0.730469 0.198437 0.182812
5 0.349219 0.724219 0.179688 0.170313
10 0.382031 0.741406 0.070312 0.120313
5 0.520312 0.882812 0.162500 0.234375
0 0.625000 0.903125 0.171875 0.193750
0 0.739844 0.925000 0.179688 0.150000
0 0.837500 0.940625 0.159375 0.118750