8 0.140625 0.071875 0.159375 0.143750
6 0.270313 0.084375 0.153125 0.168750
10 0.304688 0.170313 0.031250 0.043750
8 0.400000 0.110156 0.162500 0.220312
3 0.493750 0.125000 0.071875 0.250000
10 0.885938 0.472656 0.078125 0.092188
0 0.946875 0.359375 0.106250 0.318750
2 0.849219 0.332813 0.204687 0.334375
5 0.722656 0.319531 0.201563 0.379688
1 0.089063 0.671094 0.178125 0.304688
0 0.485156 0.717969 0.089063 0.398438
0 0.387500 0.700000 0.221875 0.362500
4 0.212500 0.682031 0.234375 0.326562
10 0.435156 0.837500 0.089063 0.121875
4 0.926562 0.798438 0.146875 0.359375