10 0.475000 0.451562 0.040625 0.062500
1 0.342187 0.358594 0.087500 0.251563
2 0.194531 0.354687 0.142187 0.290625
5 0.431250 0.352344 0.103125 0.251563
0 0.535156 0.350000 0.114062 0.246875
0 0.613281 0.335156 0.092188 0.223438
7 0.835938 0.139063 0.078125 0.190625
0 0.958594 0.131250 0.082812 0.178125
6 0.891406 0.139063 0.076563 0.175000
10 0.923438 0.204687 0.028125 0.046875
5 0.049219 0.757031 0.098437 0.467187
3 0.149219 0.741406 0.170313 0.460938
10 0.242969 0.948438 0.073438 0.103125
0 0.365625 0.742969 0.221875 0.485938
1 0.588281 0.725000 0.142187 0.450000
1 0.682813 0.846875 0.046875 0.290625
9 0.697656 0.835938 0.076563 0.293750
5 0.695312 0.822656 0.071875 0.289062
10 0.695312 0.938281 0.043750 0.073438
0 0.762500 0.818750 0.150000 0.300000
0 0.896875 0.810937 0.143750 0.287500