1 0.025781 0.142187 0.017188 0.090625
6 0.062500 0.141406 0.034375 0.098437
1 0.120313 0.153125 0.018750 0.103125
10 0.132031 0.189062 0.010937 0.018750
0 0.155469 0.154688 0.035937 0.115625
1 0.210938 0.150781 0.018750 0.107813
1 0.838281 0.385937 0.092188 0.284375
10 0.633594 0.506250 0.032813 0.065625
8 0.450000 0.400781 0.128125 0.264062
0 0.697656 0.392188 0.120313 0.271875
0 0.575781 0.395313 0.104688 0.271875
0 0.032031 0.675781 0.064062 0.192188
2 0.127344 0.675781 0.082812 0.192188
9 0.231250 0.675781 0.087500 0.192188
3 0.305469 0.672656 0.026562 0.185938
0 0.534375 0.742188 0.150000 0.325000
0 0.806250 0.731250 0.128125 0.290625
4 0.672656 0.735938 0.126562 0.312500
4 0.382812 0.741406 0.128125 0.323437
10 0.721875 0.850781 0.037500 0.104688
1 0.958594 0.742969 0.082812 0.326562