1 0.278125 0.121094 0.028125 0.092188
6 0.310156 0.117188 0.039062 0.103125
7 0.599219 0.206250 0.167187 0.390625
2 0.740625 0.182812 0.171875 0.353125
10 0.813281 0.314844 0.057813 0.085938
0 0.900000 0.164062 0.193750 0.328125
0 0.974219 0.162500 0.051562 0.325000
1 0.173437 0.674219 0.153125 0.310937
9 0.272656 0.674219 0.114062 0.310937
1 0.676562 0.894531 0.081250 0.210938
1 0.863281 0.875781 0.085938 0.245312
6 0.752344 0.884375 0.117188 0.231250
10 0.911719 0.960156 0.039062 0.079687
0 0.946875 0.865625 0.106250 0.240625