8 0.045312 0.177344 0.090625 0.354687
6 0.083594 0.175000 0.160938 0.350000
10 0.178906 0.317969 0.035937 0.064062
5 0.252344 0.173437 0.148438 0.346875
2 0.410938 0.169531 0.171875 0.339062
4 0.621094 0.403906 0.123438 0.270313
0 0.632812 0.387500 0.146875 0.303125
0 0.770312 0.377344 0.225000 0.323437
0 0.918750 0.360156 0.162500 0.357812
0 0.046875 0.872656 0.093750 0.254688
0 0.047656 0.864844 0.095312 0.270313
0 0.289844 0.850000 0.189062 0.300000
7 0.175781 0.845313 0.182812 0.309375
8 0.075781 0.849219 0.151562 0.301563
1 0.425000 0.844531 0.143750 0.310937
3 0.514844 0.964844 0.089063 0.070312
5 0.854688 0.789062 0.150000 0.350000
8 0.968750 0.757031 0.062500 0.307812