8 0.191406 0.094531 0.223438 0.189062
6 0.355469 0.092969 0.201563 0.185938
10 0.465625 0.015625 0.040625 0.031250
5 0.469531 0.090625 0.079687 0.181250
1 0.632812 0.316406 0.215625 0.226562
1 0.783594 0.280469 0.210938 0.298438
7 0.914844 0.276562 0.170313 0.306250
2 0.067969 0.714063 0.135937 0.496875
2 0.283594 0.636719 0.267188 0.414062
10 0.411719 0.739844 0.076563 0.107813
0 0.417969 0.607812 0.182812 0.356250
0 0.126562 0.660937 0.253125 0.462500
0 0.681250 0.653906 0.146875 0.264062
0 0.776563 0.631250 0.153125 0.256250
5 0.574219 0.653906 0.129688 0.248438
4 0.545312 0.682813 0.071875 0.256250
10 0.652344 0.766406 0.051562 0.057813