6 0.339062 0.053125 0.071875 0.106250
6 0.424219 0.054688 0.073438 0.109375
10 0.473438 0.086719 0.018750 0.029687
0 0.512500 0.049219 0.078125 0.098437
0 0.582031 0.053125 0.054688 0.106250
0 0.819531 0.372656 0.092188 0.220312
0 0.906250 0.363281 0.084375 0.210938
2 0.975781 0.353125 0.048438 0.212500
5 0.123438 0.893750 0.090625 0.212500
9 0.207031 0.899219 0.079687 0.201563
0 0.284375 0.896094 0.087500 0.207813
1 0.392188 0.894531 0.043750 0.210938
10 0.409375 0.987500 0.012500 0.025000
1 0.466406 0.889062 0.035937 0.203125
1 0.004687 0.867188 0.009375 0.109375
8 0.014063 0.876563 0.028125 0.137500
4 0.657031 0.865625 0.095312 0.268750
1 0.638281 0.856250 0.057813 0.287500
5 0.667188 0.852344 0.115625 0.295312
10 0.728125 0.982031 0.053125 0.035937
0 0.807813 0.850781 0.162500 0.298438
0 0.939063 0.837500 0.121875 0.325000