4 0.274219 0.106250 0.145313 0.212500
7 0.154688 0.094531 0.134375 0.189062
3 0.055469 0.094531 0.110937 0.189062
6 0.350781 0.125000 0.076563 0.250000
10 0.196875 0.174219 0.062500 0.082812
5 0.586719 0.397656 0.201563 0.342187
3 0.785937 0.407031 0.184375 0.323437
3 0.929688 0.418750 0.140625 0.300000
1 0.050000 0.848437 0.100000 0.265625
3 0.121094 0.867188 0.129688 0.265625
3 0.368750 0.886719 0.040625 0.226562
8 0.304688 0.881250 0.143750 0.237500
6 0.212500 0.879687 0.131250 0.240625
6 0.842187 0.906250 0.131250 0.187500
4 0.745313 0.910937 0.125000 0.178125
0 0.946094 0.911719 0.107813 0.176563