4 0.161719 0.103906 0.126562 0.207813
7 0.050781 0.092188 0.101562 0.184375
3 0.032031 0.091406 0.064062 0.182812
6 0.282813 0.122656 0.143750 0.245312
10 0.085156 0.171094 0.057813 0.079687
8 0.560937 0.360938 0.125000 0.178125
6 0.693750 0.372656 0.118750 0.154688
8 0.825000 0.381250 0.125000 0.137500
3 0.950781 0.390625 0.098437 0.118750
7 0.028125 0.713281 0.056250 0.257812
0 0.028906 0.753125 0.057813 0.278125
10 0.010937 0.842187 0.021875 0.056250
0 0.071875 0.757031 0.131250 0.273438
1 0.217188 0.778125 0.112500 0.256250
5 0.710156 0.571875 0.098437 0.243750
5 0.824219 0.588281 0.095312 0.239063
0 0.928125 0.612500 0.103125 0.243750
10 0.853125 0.691406 0.025000 0.051562