1 0.008594 0.057031 0.017188 0.114062
4 0.020313 0.056250 0.040625 0.112500
2 0.032813 0.056250 0.065625 0.112500
10 0.079687 0.010156 0.021875 0.020313
0 0.134375 0.062500 0.078125 0.125000
6 0.244531 0.061719 0.085938 0.123438
4 0.724219 0.047656 0.067187 0.095312
2 0.807813 0.048438 0.065625 0.096875
10 0.850781 0.014063 0.032813 0.028125
0 0.896875 0.049219 0.075000 0.098437
3 0.975781 0.042969 0.048438 0.085938
7 0.017188 0.432812 0.034375 0.187500
6 0.021094 0.439063 0.042188 0.200000
0 0.021094 0.440625 0.042188 0.203125
0 0.102344 0.442188 0.085938 0.206250
10 0.004687 0.513281 0.009375 0.035937
1 0.635156 0.719531 0.082812 0.329688
3 0.723437 0.719531 0.128125 0.379688
6 0.829688 0.707812 0.118750 0.353125
9 0.936719 0.683594 0.126562 0.326562
10 0.993750 0.823438 0.012500 0.065625