1 0.189062 0.407813 0.050000 0.287500
4 0.286719 0.417969 0.110937 0.282813
2 0.421875 0.423438 0.109375 0.284375
10 0.472656 0.546875 0.026562 0.053125
0 0.558594 0.425000 0.101562 0.315625
6 0.694531 0.441406 0.114062 0.310937
7 0.863281 0.392188 0.126562 0.415625
3 0.955469 0.390625 0.089063 0.418750
1 0.246094 0.682031 0.092188 0.164062
3 0.366406 0.688281 0.120313 0.176563
0 0.500000 0.678906 0.112500 0.157812
10 0.553125 0.628125 0.062500 0.056250
8 0.639844 0.687500 0.142187 0.175000
4 0.752344 0.679688 0.095312 0.159375
5 0.971875 0.849219 0.056250 0.301563