4 0.162500 0.454688 0.118750 0.218750
7 0.270313 0.463281 0.103125 0.210938
0 0.359375 0.471875 0.118750 0.193750
2 0.464062 0.479687 0.115625 0.178125
10 0.291406 0.557031 0.020313 0.023438
5 0.717187 0.334375 0.134375 0.253125
7 0.837500 0.371875 0.115625 0.262500
10 0.853906 0.475000 0.048438 0.084375
0 0.932813 0.390625 0.134375 0.259375
0 0.980469 0.425781 0.039062 0.282813
0 0.035937 0.642188 0.071875 0.146875
0 0.035937 0.638281 0.071875 0.139063
0 0.070312 0.635938 0.137500 0.134375
2 0.170313 0.639062 0.128125 0.140625
6 0.260156 0.651563 0.123438 0.165625
3 0.354687 0.662500 0.109375 0.187500
0 0.435156 0.673438 0.120313 0.209375
10 0.364063 0.742188 0.018750 0.037500
6 0.614844 0.653906 0.092188 0.170313
8 0.611719 0.652344 0.085938 0.167187
10 0.584375 0.648438 0.031250 0.100000
0 0.690625 0.660156 0.200000 0.182812
0 0.832812 0.653906 0.187500 0.170313