4 0.039062 0.116406 0.078125 0.220312
7 0.125781 0.134375 0.107813 0.225000
0 0.214062 0.150781 0.121875 0.223438
2 0.319531 0.168750 0.120313 0.225000
10 0.144531 0.225781 0.020313 0.032813
10 0.877344 0.317969 0.045312 0.048438
9 0.854688 0.246875 0.096875 0.184375
5 0.925781 0.247656 0.104688 0.198437
2 0.709375 0.215625 0.128125 0.193750
0 0.786719 0.240625 0.107813 0.184375
0 0.971094 0.269531 0.057813 0.176563
10 0.196875 0.575781 0.043750 0.032813
0 0.265625 0.610938 0.128125 0.103125
0 0.341406 0.616406 0.129688 0.114062
8 0.177344 0.617969 0.126562 0.117188
5 0.090625 0.616406 0.125000 0.114062
0 0.907813 0.775000 0.103125 0.187500
6 0.960938 0.790625 0.078125 0.203125
7 0.845313 0.754687 0.115625 0.218750