1 0.181250 0.186719 0.037500 0.139063
7 0.235156 0.184375 0.045312 0.137500
4 0.291406 0.189062 0.045312 0.131250
10 0.324219 0.245312 0.014063 0.025000
0 0.358594 0.183594 0.048438 0.142187
1 0.429688 0.184375 0.037500 0.128125
3 0.536719 0.344531 0.114062 0.289062
6 0.521094 0.350781 0.082812 0.276562
9 0.675781 0.332031 0.145313 0.314063
10 0.600781 0.476562 0.051562 0.025000
7 0.824219 0.321875 0.132812 0.334375
10 0.081250 0.949219 0.065625 0.101562
0 0.164062 0.781250 0.178125 0.437500
0 0.331250 0.769531 0.184375 0.417187
6 0.051562 0.786719 0.103125 0.426563
1 0.036719 0.792969 0.073438 0.414062
9 0.046094 0.794531 0.092188 0.410938
5 0.539844 0.564844 0.120313 0.151562
4 0.655469 0.558594 0.107813 0.139063
10 0.712500 0.520312 0.040625 0.062500
0 0.765625 0.557031 0.121875 0.135937
0 0.875000 0.550000 0.118750 0.121875