1 0.166406 0.157812 0.060937 0.143750
7 0.218750 0.144531 0.068750 0.142187
4 0.274219 0.139844 0.067187 0.135937
10 0.318750 0.189062 0.018750 0.028125
0 0.339062 0.121094 0.075000 0.148438
1 0.409375 0.110156 0.059375 0.132812
1 0.676562 0.208594 0.093750 0.342187
9 0.685937 0.194531 0.112500 0.370312
0 0.698438 0.189844 0.137500 0.379688
0 0.826562 0.164062 0.240625 0.328125
0 0.934375 0.149219 0.131250 0.298438
10 0.771875 0.288281 0.078125 0.129688
5 0.464062 0.848437 0.128125 0.256250
5 0.571094 0.826562 0.117188 0.246875
1 0.679688 0.788281 0.100000 0.423438
8 0.790625 0.760156 0.281250 0.479687