2 0.260156 0.293750 0.151562 0.231250
2 0.380469 0.266406 0.167187 0.285938
3 0.510938 0.234375 0.140625 0.287500
10 0.587500 0.353125 0.025000 0.046875
0 0.569531 0.197656 0.060937 0.298438
0 0.635156 0.130469 0.070312 0.260937
8 0.645312 0.117969 0.090625 0.235937
7 0.715625 0.099219 0.128125 0.198437
2 0.805469 0.095312 0.145313 0.190625
4 0.901563 0.077344 0.131250 0.154688
3 0.960938 0.075000 0.078125 0.150000
10 0.975000 0.140625 0.018750 0.028125
5 0.067969 0.666406 0.135937 0.439063
2 0.178125 0.642969 0.259375 0.429688
4 0.342187 0.610156 0.262500 0.401562
10 0.452344 0.722656 0.076563 0.114062
9 0.491406 0.588281 0.217188 0.357812
7 0.636719 0.512500 0.073438 0.206250
6 0.642969 0.510156 0.085938 0.201563
0 0.737500 0.500781 0.168750 0.182812
0 0.871875 0.490625 0.168750 0.162500
10 0.695312 0.560937 0.034375 0.050000