1 0.015625 0.192188 0.031250 0.143750
1 0.035937 0.185156 0.046875 0.120313
5 0.080469 0.177344 0.064062 0.148438
10 0.123438 0.231250 0.018750 0.028125
0 0.141406 0.170313 0.067187 0.137500
0 0.196875 0.161719 0.062500 0.142187
4 0.732031 0.143750 0.110937 0.246875
2 0.835156 0.121875 0.110937 0.243750
10 0.901563 0.219531 0.050000 0.073438
0 0.942187 0.114062 0.115625 0.228125
4 0.315625 0.687500 0.225000 0.175000
1 0.548438 0.865625 0.078125 0.268750
7 0.646875 0.842187 0.109375 0.262500
5 0.751563 0.815625 0.106250 0.243750
10 0.820312 0.918750 0.025000 0.046875
0 0.860156 0.800781 0.117188 0.242188
0 0.951562 0.775781 0.096875 0.248438