10 0.167969 0.457031 0.045312 0.070312
7 0.032813 0.332813 0.065625 0.340625
0 0.096094 0.332813 0.123438 0.306250
0 0.218750 0.325000 0.137500 0.293750
0 0.332813 0.316406 0.109375 0.282813
3 0.448437 0.381250 0.078125 0.365625
7 0.446094 0.357812 0.073438 0.325000
6 0.547656 0.348438 0.132812 0.328125
0 0.689063 0.339062 0.156250 0.328125
1 0.847656 0.331250 0.098437 0.293750
10 0.614062 0.474219 0.050000 0.092188
2 0.049219 0.853125 0.098437 0.228125
0 0.042188 0.851562 0.084375 0.225000
8 0.078906 0.839844 0.148438 0.201563
10 0.160156 0.769531 0.073438 0.060937
0 0.271875 0.850781 0.193750 0.223438
7 0.516406 0.931250 0.214062 0.137500
7 0.735938 0.941406 0.209375 0.117188