10 0.250781 0.464062 0.042188 0.050000
7 0.064062 0.339844 0.128125 0.298438
0 0.178125 0.344531 0.118750 0.289062
0 0.301563 0.342187 0.131250 0.293750
0 0.415625 0.328125 0.106250 0.281250
2 0.586719 0.181250 0.095312 0.362500
0 0.582812 0.171875 0.087500 0.343750
8 0.740625 0.147656 0.140625 0.295312
10 0.825000 0.280469 0.071875 0.123438
0 0.920312 0.146094 0.159375 0.292187
5 0.342969 0.581250 0.120313 0.184375
3 0.458594 0.579688 0.107813 0.181250
10 0.517969 0.647656 0.042188 0.092188
1 0.973437 0.639062 0.053125 0.300000