0 0.352344 0.060156 0.142187 0.120313
1 0.451562 0.060156 0.112500 0.120313
5 0.252344 0.058594 0.129688 0.117188
8 0.156250 0.063281 0.137500 0.126562
10 0.317188 0.025781 0.050000 0.051562
5 0.851562 0.104688 0.165625 0.209375
2 0.951562 0.086719 0.096875 0.173437
1 0.042969 0.885156 0.085938 0.229687
7 0.059375 0.861719 0.118750 0.276562
5 0.171094 0.853125 0.223438 0.293750
10 0.282031 0.990625 0.073438 0.018750
0 0.335938 0.824219 0.231250 0.351562
0 0.513281 0.807031 0.254688 0.385937
6 0.839844 0.804688 0.207813 0.390625
3 0.970313 0.774219 0.059375 0.389062