1 0.176563 0.348438 0.125000 0.287500
9 0.275781 0.341406 0.154688 0.301563
5 0.382812 0.328125 0.153125 0.290625
10 0.460938 0.435937 0.053125 0.087500
0 0.466406 0.325000 0.085938 0.303125
4 0.742969 0.146875 0.220312 0.293750
3 0.891406 0.135937 0.179688 0.271875
10 0.967969 0.205469 0.064062 0.110937
0 0.043750 0.871094 0.087500 0.242188
0 0.133594 0.857031 0.107813 0.229687
2 0.232031 0.854688 0.107813 0.234375
9 0.326562 0.844531 0.106250 0.229687
2 0.413281 0.836719 0.101562 0.232813
4 0.478125 0.823438 0.062500 0.215625
1 0.575000 0.710938 0.131250 0.321875
3 0.676562 0.719531 0.212500 0.339062
5 0.827344 0.702344 0.195312 0.304688
10 0.913281 0.793750 0.070312 0.096875
0 0.936719 0.696094 0.126562 0.292187