1 0.242969 0.136719 0.098437 0.273438
9 0.309375 0.140625 0.059375 0.281250
0 0.748437 0.146875 0.215625 0.293750
1 0.950000 0.140625 0.100000 0.281250
4 0.550781 0.146094 0.195312 0.292187
6 0.414062 0.151562 0.150000 0.303125
10 0.640625 0.250781 0.068750 0.123438
5 0.131250 0.700781 0.228125 0.301563
4 0.300781 0.696875 0.076563 0.293750
1 0.381250 0.872656 0.078125 0.254688
8 0.509375 0.876563 0.150000 0.246875
6 0.678125 0.876563 0.131250 0.246875
0 0.839063 0.884375 0.162500 0.231250
0 0.963281 0.878125 0.073438 0.243750