10 0.334375 0.557031 0.078125 0.085938
0 0.379688 0.418750 0.184375 0.328125
0 0.465625 0.392188 0.128125 0.337500
2 0.241406 0.440625 0.201563 0.318750
5 0.123438 0.450781 0.200000 0.298438
2 0.598437 0.442969 0.137500 0.314063
0 0.717969 0.424219 0.245312 0.351562
8 0.899219 0.410156 0.201563 0.379688
9 0.124219 0.739844 0.201563 0.279687
4 0.267969 0.717969 0.185938 0.235937
10 0.362500 0.789062 0.071875 0.106250
0 0.414844 0.715625 0.229687 0.231250
6 0.909375 0.698438 0.181250 0.196875
2 0.798438 0.700000 0.221875 0.200000
1 0.668750 0.719531 0.221875 0.239063