10 0.512500 0.234375 0.078125 0.093750
0 0.554688 0.128125 0.187500 0.256250
0 0.632812 0.115625 0.112500 0.231250
2 0.417969 0.144531 0.204687 0.289062
5 0.300781 0.169531 0.201563 0.339062
3 0.739062 0.230469 0.100000 0.217188
5 0.737500 0.216406 0.096875 0.245312
10 0.706250 0.318750 0.034375 0.040625
0 0.737500 0.200000 0.096875 0.278125
1 0.798438 0.167187 0.165625 0.312500
10 0.396875 0.583594 0.034375 0.045312
0 0.412500 0.525000 0.081250 0.137500
0 0.470313 0.512500 0.096875 0.165625
3 0.357031 0.547656 0.089063 0.154688
10 0.702344 0.843750 0.026562 0.075000
7 0.736719 0.760938 0.095312 0.350000
0 0.732812 0.735938 0.087500 0.315625
0 0.745313 0.703125 0.112500 0.306250
0 0.817187 0.671094 0.159375 0.292187