0 0.217188 0.250781 0.068750 0.176563
6 0.089063 0.235937 0.065625 0.150000
1 0.157812 0.246875 0.046875 0.153125
1 0.292187 0.248438 0.056250 0.150000
10 0.184375 0.303906 0.018750 0.045312
1 0.578906 0.346875 0.110937 0.356250
9 0.700000 0.342969 0.171875 0.357812
6 0.834375 0.342187 0.165625 0.346875
10 0.900781 0.488281 0.051562 0.085938
10 0.953906 0.344531 0.092188 0.370312
4 0.102344 0.900000 0.154688 0.200000
4 0.392188 0.900000 0.134375 0.200000
5 0.039844 0.914844 0.079687 0.170313
0 0.254688 0.913281 0.156250 0.173437
10 0.932031 0.782813 0.057813 0.081250
0 0.965625 0.719531 0.068750 0.220312
4 0.860156 0.721094 0.151562 0.223438
2 0.700781 0.722656 0.164062 0.226562