0 0.174219 0.056250 0.060937 0.112500
6 0.048438 0.040625 0.059375 0.081250
1 0.116406 0.047656 0.039062 0.095312
1 0.250000 0.050000 0.050000 0.100000
10 0.141406 0.078906 0.017188 0.045312
4 0.528125 0.164062 0.056250 0.171875
0 0.563281 0.163281 0.107813 0.173437
0 0.689844 0.157031 0.110937 0.185938
0 0.812500 0.159375 0.121875 0.181250
2 0.035937 0.436719 0.071875 0.314063
1 0.027344 0.433594 0.054688 0.339062
5 0.060156 0.442969 0.120313 0.326562
10 0.122656 0.560156 0.054688 0.073438
7 0.214062 0.447656 0.128125 0.345313
0 0.896875 0.547656 0.168750 0.389062
5 0.710938 0.539844 0.181250 0.414062
2 0.560156 0.532813 0.120313 0.418750
10 0.792188 0.689063 0.056250 0.118750