0 0.537500 0.101562 0.184375 0.203125
2 0.377344 0.108594 0.220312 0.217188
2 0.195312 0.111719 0.250000 0.223438
6 0.657813 0.339062 0.056250 0.200000
6 0.657031 0.329688 0.054688 0.225000
10 0.642969 0.406250 0.026562 0.053125
0 0.686719 0.321875 0.114062 0.212500
4 0.775781 0.309375 0.110937 0.209375
0 0.390625 0.544531 0.146875 0.129688
0 0.496875 0.542188 0.143750 0.125000
2 0.275000 0.547656 0.131250 0.135937
1 0.182812 0.562500 0.128125 0.165625
1 0.074219 0.577344 0.120313 0.195312
1 0.829688 0.642188 0.068750 0.262500
6 0.888281 0.629687 0.135937 0.296875
4 0.967969 0.618750 0.064062 0.265625