2 0.471875 0.271094 0.134375 0.476562
2 0.296094 0.261719 0.276562 0.495312
6 0.845313 0.383594 0.221875 0.251563
9 0.662500 0.378125 0.234375 0.262500
1 0.575000 0.357812 0.071875 0.303125
5 0.057031 0.834375 0.114062 0.331250
9 0.209375 0.840625 0.137500 0.318750
10 0.264844 0.982031 0.054688 0.035937
0 0.364063 0.846875 0.162500 0.306250
0 0.496875 0.850781 0.084375 0.298438
6 0.575781 0.712500 0.073438 0.334375
8 0.588281 0.725000 0.098437 0.328125
10 0.635156 0.872656 0.048438 0.098437
0 0.729688 0.728906 0.159375 0.357812
0 0.871875 0.727344 0.150000 0.332813