2 0.181250 0.237500 0.131250 0.262500
3 0.307812 0.215625 0.115625 0.262500
8 0.385156 0.197656 0.089063 0.264062
3 0.490625 0.412500 0.121875 0.175000
5 0.583594 0.402344 0.185938 0.195312
0 0.715625 0.389844 0.184375 0.220312
1 0.850000 0.367969 0.153125 0.264062
0 0.057031 0.792188 0.114062 0.415625
0 0.056250 0.769531 0.112500 0.460938
0 0.293750 0.740625 0.234375 0.481250
3 0.180469 0.750000 0.210938 0.500000
4 0.081250 0.755469 0.162500 0.489063
3 0.371875 0.728125 0.115625 0.456250
5 0.500781 0.735156 0.142187 0.470313
7 0.530469 0.705469 0.201563 0.410938
0 0.692187 0.692969 0.268750 0.385937
1 0.890625 0.668750 0.218750 0.337500
10 0.628125 0.848437 0.090625 0.125000