2 0.158594 0.146875 0.082812 0.253125
3 0.286719 0.146094 0.067187 0.254688
8 0.386719 0.142969 0.076563 0.254688
10 0.441406 0.246875 0.020313 0.034375
0 0.486719 0.146094 0.045312 0.245312
5 0.940625 0.309375 0.118750 0.346875
4 0.801562 0.300781 0.137500 0.354687
9 0.117188 0.752344 0.131250 0.326562
4 0.267188 0.744531 0.118750 0.310937
10 0.328906 0.875000 0.051562 0.096875
0 0.423438 0.754687 0.162500 0.331250
1 0.517969 0.767188 0.017188 0.275000
7 0.606250 0.755469 0.071875 0.254688
5 0.714063 0.746094 0.071875 0.235937
10 0.760156 0.858594 0.017188 0.045312
0 0.821094 0.749219 0.082812 0.232813
0 0.928906 0.741406 0.085938 0.239063