1 0.152344 0.235156 0.142187 0.289062
2 0.050000 0.245312 0.100000 0.268750
4 0.247656 0.223438 0.167187 0.306250
0 0.326562 0.199219 0.084375 0.307812
10 0.326562 0.331250 0.056250 0.081250
10 0.542188 0.295312 0.187500 0.168750
0 0.682031 0.275000 0.195312 0.209375
0 0.826562 0.259375 0.206250 0.240625
2 0.441406 0.310156 0.145313 0.139063
2 0.068750 0.609375 0.137500 0.365625
5 0.190625 0.577344 0.175000 0.345313
5 0.313281 0.548438 0.110937 0.337500
0 0.583594 0.515625 0.139063 0.271875
8 0.675000 0.503125 0.131250 0.246875
7 0.767188 0.484375 0.125000 0.209375
2 0.857031 0.480469 0.142187 0.201563
4 0.944531 0.462500 0.110937 0.165625