1 0.202344 0.088281 0.101562 0.176563
2 0.057813 0.092969 0.115625 0.185938
4 0.298438 0.085156 0.128125 0.170313
0 0.394531 0.083594 0.070312 0.167187
10 0.362500 0.139844 0.046875 0.079687
3 0.482031 0.311719 0.104688 0.476562
6 0.510938 0.312500 0.162500 0.475000
10 0.604688 0.501563 0.068750 0.096875
0 0.702344 0.305469 0.210938 0.489063
0 0.906250 0.282031 0.187500 0.451562
4 0.239844 0.939844 0.170313 0.120313
7 0.364844 0.932031 0.129688 0.135937
1 0.571875 0.829688 0.112500 0.340625
7 0.722656 0.822656 0.142187 0.354687
3 0.904687 0.819531 0.159375 0.360938
10 0.978125 0.983594 0.043750 0.032813