10 0.455469 0.387500 0.051562 0.065625
0 0.507812 0.250000 0.162500 0.303125
2 0.625781 0.239844 0.126562 0.295312
6 0.376563 0.269531 0.153125 0.298438
8 0.258594 0.285156 0.151562 0.320312
1 0.173437 0.301563 0.115625 0.325000
2 0.717969 0.062500 0.057813 0.125000
9 0.716406 0.064844 0.054688 0.129688
10 0.698438 0.007812 0.015625 0.015625
0 0.746875 0.064062 0.115625 0.128125
4 0.865625 0.072656 0.125000 0.145313
0 0.032813 0.607031 0.065625 0.276562
3 0.029687 0.603125 0.059375 0.268750
5 0.040625 0.590625 0.081250 0.243750
5 0.124219 0.584375 0.120313 0.231250
6 0.218750 0.580469 0.121875 0.223438
7 0.320312 0.572656 0.109375 0.207813
10 0.282813 0.668750 0.012500 0.028125
0 0.886719 0.604688 0.226562 0.271875
4 0.749219 0.614062 0.120313 0.290625
6 0.759375 0.630469 0.140625 0.323437
10 0.799219 0.706250 0.076563 0.125000