10 0.322656 0.425781 0.051562 0.067187
0 0.327344 0.288281 0.082812 0.304688
6 0.236719 0.305469 0.151562 0.301563
8 0.120313 0.317969 0.150000 0.320312
1 0.046094 0.332031 0.092188 0.326562
0 0.478125 0.405469 0.196875 0.360938
0 0.746094 0.377344 0.167187 0.307812
4 0.615625 0.393750 0.168750 0.331250
4 0.414062 0.407031 0.090625 0.364063
10 0.678906 0.505469 0.051562 0.107813
1 0.900000 0.365625 0.134375 0.353125
2 0.030469 0.741406 0.060937 0.282813
2 0.083594 0.725781 0.135937 0.273438
3 0.219531 0.710938 0.110937 0.243750
10 0.285156 0.818750 0.023438 0.046875
0 0.317969 0.701562 0.101562 0.225000
3 0.727344 0.657031 0.145313 0.135937
10 0.889844 0.609375 0.048438 0.040625
0 0.829688 0.660937 0.134375 0.143750
0 0.930469 0.662500 0.139063 0.146875