1 0.025000 0.499219 0.050000 0.220312
1 0.046875 0.453125 0.093750 0.246875
6 0.033594 0.484375 0.067187 0.250000
10 0.098437 0.533594 0.046875 0.082812
0 0.128125 0.434375 0.137500 0.246875
0 0.223438 0.400781 0.128125 0.245312
10 0.900781 0.217969 0.048438 0.070312
0 0.932031 0.132812 0.135937 0.265625
6 0.825781 0.130469 0.139063 0.260937
2 0.724219 0.144531 0.157812 0.289062
2 0.615625 0.159375 0.140625 0.275000
5 0.073438 0.804688 0.146875 0.390625
0 0.217188 0.804688 0.265625 0.390625
10 0.330469 0.960156 0.039062 0.079687
6 0.427344 0.868750 0.154688 0.262500
6 0.465625 0.848437 0.231250 0.303125
0 0.664844 0.834375 0.257812 0.331250
1 0.875000 0.810937 0.212500 0.378125