2 0.069531 0.044531 0.089063 0.089063
1 0.162500 0.043750 0.056250 0.087500
8 0.217969 0.045312 0.085938 0.090625
10 0.250781 0.041406 0.010937 0.023438
0 0.296094 0.042969 0.079687 0.085938
0 0.372656 0.046094 0.092188 0.092188
2 0.476562 0.261719 0.115625 0.429688
9 0.591406 0.303906 0.210938 0.426563
7 0.750781 0.332031 0.164062 0.407813
10 0.796875 0.473438 0.065625 0.106250
0 0.903906 0.345313 0.192188 0.393750
7 0.052344 0.819531 0.104688 0.360938
7 0.109375 0.821094 0.190625 0.357812
7 0.270313 0.843750 0.187500 0.312500
6 0.367969 0.869531 0.101562 0.260937
10 0.150000 0.977344 0.084375 0.045312
10 0.660156 0.649219 0.029687 0.020313
0 0.696875 0.672656 0.068750 0.067187
0 0.753906 0.679688 0.082812 0.081250
3 0.636719 0.676562 0.076563 0.075000