2 0.031250 0.060156 0.062500 0.120313
1 0.107813 0.052344 0.062500 0.104688
8 0.167969 0.056250 0.092188 0.112500
10 0.223438 0.091406 0.012500 0.023438
0 0.247656 0.051562 0.085938 0.103125
1 0.879687 0.072656 0.134375 0.145313
0 0.732812 0.093750 0.165625 0.187500
3 0.600000 0.117188 0.156250 0.234375
4 0.452344 0.122656 0.192188 0.245312
10 0.022656 0.706250 0.045312 0.100000
0 0.092188 0.679688 0.184375 0.200000
0 0.213281 0.693750 0.192188 0.228125
8 0.060937 0.683594 0.121875 0.207813
2 0.060156 0.696875 0.120313 0.234375
7 0.372656 0.907031 0.126562 0.185938
0 0.460156 0.903906 0.160938 0.192188
0 0.580469 0.892969 0.173437 0.214062
0 0.691406 0.881250 0.145313 0.237500