1 0.039062 0.281250 0.075000 0.115625
7 0.120313 0.281250 0.090625 0.115625
6 0.199219 0.291406 0.092188 0.095312
0 0.295312 0.292187 0.087500 0.093750
0 0.376563 0.110937 0.053125 0.221875
3 0.446094 0.116406 0.095312 0.232813
5 0.546094 0.111719 0.101562 0.223438
5 0.651563 0.114844 0.096875 0.229687
6 0.746094 0.117969 0.098437 0.235937
7 0.847656 0.118750 0.085938 0.237500
10 0.797656 0.225000 0.010937 0.028125
1 0.032813 0.476562 0.065625 0.275000
8 0.050781 0.484375 0.101562 0.290625
9 0.046875 0.496094 0.093750 0.314063
10 0.017188 0.581250 0.034375 0.115625
0 0.114062 0.494531 0.196875 0.310937
0 0.280469 0.492969 0.139063 0.307812
0 0.900781 0.566406 0.126562 0.229687
0 0.973437 0.589063 0.053125 0.275000
7 0.780469 0.583594 0.095312 0.264062
5 0.653906 0.583594 0.123438 0.245312
10 0.823438 0.676562 0.043750 0.059375