6 0.138281 0.426563 0.101562 0.250000
0 0.248438 0.442969 0.096875 0.235937
0 0.364063 0.462500 0.106250 0.246875
10 0.297656 0.557813 0.017188 0.034375
10 0.803906 0.293750 0.026562 0.040625
0 0.835938 0.242188 0.059375 0.131250
0 0.893750 0.246094 0.071875 0.157812
3 0.776563 0.247656 0.065625 0.148438
3 0.117969 0.688281 0.073438 0.139063
8 0.213281 0.699219 0.098437 0.160938
10 0.260156 0.775000 0.017188 0.040625
0 0.325000 0.710938 0.103125 0.184375
0 0.417969 0.706250 0.064062 0.175000
1 0.484375 0.799219 0.068750 0.360938
9 0.585938 0.809375 0.181250 0.381250
3 0.765625 0.809375 0.165625 0.381250
8 0.921094 0.809375 0.157812 0.381250
10 0.835156 0.955469 0.079687 0.089063