6 0.024219 0.070312 0.048438 0.140625
0 0.040625 0.081250 0.081250 0.162500
0 0.121094 0.096875 0.101562 0.193750
1 0.231250 0.116406 0.071875 0.198437
10 0.057813 0.161719 0.015625 0.029687
2 0.616406 0.138281 0.132812 0.276562
0 0.735156 0.140625 0.148438 0.281250
8 0.864062 0.155469 0.146875 0.279687
10 0.903906 0.271094 0.054688 0.092188
0 0.954688 0.186719 0.090625 0.289062
5 0.035937 0.809375 0.071875 0.259375
5 0.035156 0.809375 0.070312 0.259375
6 0.070312 0.824219 0.125000 0.289062
3 0.164062 0.831250 0.134375 0.259375
4 0.254688 0.852344 0.128125 0.254688
10 0.182812 0.952344 0.031250 0.054688