0 0.490625 0.079687 0.087500 0.159375
10 0.434375 0.132812 0.031250 0.068750
3 0.398438 0.085938 0.078125 0.171875
1 0.678125 0.315625 0.034375 0.243750
8 0.767188 0.321094 0.096875 0.260937
7 0.905469 0.341406 0.073438 0.257812
10 0.941406 0.457813 0.017188 0.037500
0 0.978906 0.350781 0.042188 0.257812
3 0.278906 0.644531 0.120313 0.151562
3 0.396875 0.646875 0.106250 0.156250
10 0.455469 0.604688 0.035937 0.071875
2 0.514062 0.642969 0.090625 0.148438
3 0.594531 0.901563 0.070312 0.196875
6 0.592187 0.907813 0.065625 0.184375
3 0.664844 0.900781 0.120313 0.198437
9 0.808594 0.903906 0.142187 0.192188