5 0.409375 0.091406 0.112500 0.182812
2 0.259375 0.091406 0.109375 0.179688
10 0.462500 0.132031 0.040625 0.057813
0 0.330469 0.085156 0.126562 0.170313
0 0.484375 0.075000 0.106250 0.150000
0 0.564063 0.066406 0.118750 0.132812
2 0.789062 0.486719 0.243750 0.326562
3 0.917969 0.471094 0.164062 0.357812
1 0.149219 0.926562 0.098437 0.146875
4 0.244531 0.915625 0.157812 0.168750
2 0.374219 0.898438 0.154688 0.203125
0 0.503906 0.871094 0.154688 0.257812
6 0.593750 0.858594 0.071875 0.282813
4 0.700000 0.806250 0.140625 0.312500
0 0.696094 0.771094 0.132812 0.242188
0 0.730469 0.772656 0.201563 0.245312
0 0.869531 0.766406 0.260937 0.232813
10 0.658594 0.808594 0.057813 0.110937