5 0.394531 0.053906 0.092188 0.107813
2 0.248438 0.044531 0.093750 0.089063
10 0.420312 0.015625 0.034375 0.031250
0 0.321875 0.047656 0.109375 0.095312
0 0.472656 0.048438 0.089063 0.096875
0 0.553906 0.049219 0.101562 0.098437
3 0.760156 0.230469 0.120313 0.439063
8 0.907031 0.249219 0.185938 0.401562
10 0.968750 0.414844 0.062500 0.070312
1 0.386719 0.835938 0.064062 0.262500
6 0.446094 0.839844 0.129688 0.298438
4 0.552344 0.856250 0.117188 0.265625
3 0.637500 0.861719 0.125000 0.276562
10 0.658594 0.982812 0.026562 0.034375
2 0.685156 0.867188 0.029687 0.265625
2 0.753125 0.597656 0.106250 0.295312
1 0.810156 0.591406 0.185938 0.282813
7 0.929688 0.604688 0.140625 0.309375
10 0.982031 0.715625 0.035937 0.118750