2 0.235156 0.278125 0.098437 0.187500
0 0.303125 0.256250 0.093750 0.159375
5 0.383594 0.235156 0.089063 0.173437
10 0.428906 0.286719 0.026562 0.035937
6 0.450781 0.216406 0.098437 0.179688
8 0.526563 0.201563 0.096875 0.184375
1 0.653906 0.289844 0.048438 0.285938
4 0.668750 0.267969 0.078125 0.292187
2 0.667969 0.228125 0.076563 0.290625
10 0.645312 0.328906 0.031250 0.054688
0 0.696094 0.185938 0.132812 0.321875
6 0.819531 0.158594 0.164062 0.317188
3 0.279687 0.697656 0.218750 0.257812
6 0.144531 0.732812 0.229687 0.328125
9 0.437500 0.689063 0.212500 0.240625
10 0.394531 0.767969 0.067187 0.101562
7 0.553906 0.660937 0.151562 0.184375
4 0.739844 0.652344 0.160938 0.167187
7 0.665625 0.663281 0.071875 0.189062
3 0.668750 0.685156 0.078125 0.232813
6 0.862500 0.647656 0.178125 0.157812
10 0.706250 0.718750 0.065625 0.084375