0 0.465625 0.235937 0.115625 0.259375
0 0.569531 0.229687 0.101562 0.240625
1 0.291406 0.229687 0.073438 0.231250
1 0.179688 0.237500 0.096875 0.256250
3 0.366406 0.232031 0.092188 0.248438
10 0.412500 0.330469 0.043750 0.060937
1 0.676562 0.201563 0.053125 0.403125
9 0.694531 0.189062 0.089063 0.378125
8 0.733594 0.180469 0.167187 0.360938
10 0.813281 0.320312 0.042188 0.090625
6 0.903906 0.185938 0.167187 0.371875
1 0.170313 0.744531 0.084375 0.295312
9 0.239063 0.729688 0.115625 0.281250
2 0.342969 0.731250 0.129688 0.284375
7 0.448437 0.717969 0.096875 0.257812
7 0.541406 0.723437 0.104688 0.268750
10 0.494531 0.836719 0.029687 0.048438
1 0.662500 0.735938 0.025000 0.275000
7 0.670312 0.721875 0.040625 0.256250
5 0.729688 0.710156 0.084375 0.239063
10 0.782031 0.821875 0.020313 0.046875
0 0.838281 0.710938 0.095312 0.234375
0 0.944531 0.705469 0.098437 0.232813