0 0.482031 0.117969 0.054688 0.235937
1 0.350781 0.114062 0.095312 0.228125
1 0.239063 0.130469 0.121875 0.260937
3 0.425781 0.117188 0.114062 0.234375
10 0.480469 0.202344 0.048438 0.064062
1 0.546875 0.419531 0.075000 0.339062
3 0.603906 0.410156 0.189062 0.357812
5 0.746875 0.407813 0.187500 0.362500
10 0.826562 0.542188 0.068750 0.093750
0 0.890625 0.400000 0.184375 0.378125
0 0.969531 0.382812 0.060937 0.359375
4 0.051562 0.674219 0.103125 0.170313
3 0.126562 0.671094 0.175000 0.164062
10 0.181250 0.641406 0.046875 0.082812
0 0.255469 0.669531 0.182812 0.160938
1 0.413281 0.662500 0.154688 0.146875
0 0.939844 0.746875 0.120313 0.315625
9 0.792969 0.753906 0.245312 0.329688
3 0.606250 0.777344 0.193750 0.376563
10 0.919531 0.850000 0.085938 0.140625