10 0.419531 0.296094 0.098437 0.260937
2 0.462500 0.314844 0.034375 0.264062
0 0.569531 0.228906 0.170313 0.379688
0 0.686719 0.246875 0.145313 0.334375
0 0.803906 0.250781 0.142187 0.335938
5 0.909375 0.253906 0.134375 0.314063
3 0.974219 0.268750 0.051562 0.306250
3 0.077344 0.517188 0.104688 0.134375
1 0.277344 0.520312 0.054688 0.140625
10 0.357031 0.589063 0.017188 0.031250
1 0.006250 0.482031 0.012500 0.064062
8 0.013281 0.484375 0.026562 0.068750
1 0.021875 0.510938 0.043750 0.121875
5 0.161719 0.517969 0.098437 0.135937
0 0.324219 0.527344 0.095312 0.154688
0 0.410938 0.523438 0.087500 0.146875
0 0.912500 0.620313 0.175000 0.340625
1 0.781250 0.610938 0.121875 0.321875
10 0.821094 0.737500 0.042188 0.087500
4 0.614062 0.612500 0.181250 0.325000