10 0.492188 0.340625 0.037500 0.068750
10 0.373437 0.217188 0.103125 0.262500
2 0.453906 0.242188 0.117188 0.268750
0 0.558594 0.277344 0.123438 0.251563
0 0.655469 0.291406 0.120313 0.217188
6 0.802344 0.316406 0.104688 0.404687
2 0.933594 0.331250 0.132812 0.375000
10 0.412500 0.550000 0.043750 0.062500
4 0.488281 0.585156 0.117188 0.132812
4 0.157031 0.580469 0.139063 0.123438
1 0.292187 0.585156 0.100000 0.132812
1 0.380469 0.583594 0.101562 0.129688
1 0.764844 0.585156 0.029687 0.132812
7 0.775781 0.592187 0.051562 0.146875
7 0.773438 0.586719 0.046875 0.135937
0 0.794531 0.588281 0.089063 0.139063
2 0.917969 0.585156 0.120313 0.132812
10 0.755469 0.567187 0.010937 0.037500