3 0.064844 0.457813 0.129688 0.296875
3 0.171094 0.435937 0.129688 0.309375
10 0.234375 0.532813 0.050000 0.071875
0 0.290625 0.409375 0.140625 0.278125
1 0.420312 0.381250 0.106250 0.281250
1 0.636719 0.362500 0.035937 0.262500
1 0.663281 0.349219 0.070312 0.264062
9 0.759375 0.340625 0.118750 0.275000
0 0.880469 0.323437 0.129688 0.281250
2 0.971875 0.314844 0.056250 0.267188
10 0.825781 0.446875 0.032813 0.046875
0 0.040625 0.875000 0.081250 0.250000
1 0.164062 0.875000 0.150000 0.250000
1 0.354687 0.875000 0.125000 0.250000
10 0.421094 0.963281 0.092188 0.073438
0 0.509375 0.875000 0.218750 0.250000