3 0.176563 0.116406 0.112500 0.232813
3 0.285156 0.110156 0.107813 0.220312
10 0.345313 0.171094 0.046875 0.067187
0 0.405469 0.091406 0.120313 0.182812
2 0.647656 0.225000 0.101562 0.250000
9 0.765625 0.232031 0.093750 0.254688
10 0.821094 0.353125 0.014063 0.031250
0 0.870313 0.234375 0.100000 0.253125
4 0.968750 0.241406 0.062500 0.289062
6 0.171094 0.627344 0.123438 0.195312
6 0.279687 0.633594 0.112500 0.207813
10 0.338281 0.700000 0.035937 0.065625
0 0.393750 0.628906 0.125000 0.198437
4 0.469531 0.623437 0.039062 0.187500
1 0.507812 0.897656 0.037500 0.204687
4 0.593750 0.892188 0.131250 0.215625
3 0.735156 0.883594 0.114062 0.232813
0 0.865625 0.877344 0.125000 0.245312
1 0.985156 0.869531 0.029687 0.260937