7 0.352344 0.328125 0.148438 0.343750
9 0.471094 0.367969 0.157812 0.367188
10 0.525000 0.499219 0.053125 0.098437
0 0.621094 0.383594 0.157812 0.326562
0 0.710938 0.412500 0.078125 0.350000
6 0.819531 0.196875 0.139063 0.393750
6 0.911719 0.202344 0.176563 0.404687
10 0.985938 0.346094 0.028125 0.114062
6 0.454688 0.747656 0.134375 0.195312
6 0.563281 0.764062 0.126562 0.228125
10 0.605469 0.846875 0.039062 0.065625
0 0.675781 0.769531 0.139063 0.239063
5 0.789062 0.847656 0.078125 0.304688
8 0.802344 0.859375 0.104688 0.281250
9 0.935156 0.871875 0.129688 0.256250