7 0.099219 0.092969 0.157812 0.185938
9 0.222656 0.098437 0.167187 0.196875
10 0.306250 0.121094 0.053125 0.101562
0 0.363281 0.083594 0.151562 0.167187
2 0.658594 0.397656 0.204687 0.242188
8 0.824219 0.390625 0.204687 0.256250
7 0.947656 0.382031 0.104688 0.273438
2 0.114062 0.577344 0.106250 0.117188
9 0.216406 0.574219 0.101562 0.110937
0 0.308594 0.579688 0.095312 0.121875
0 0.394531 0.575000 0.089063 0.112500
10 0.275781 0.582812 0.023438 0.040625
1 0.938281 0.685156 0.123438 0.298438
10 0.758594 0.843750 0.042188 0.071875
8 0.562500 0.772656 0.165625 0.285938
0 0.805469 0.718750 0.160938 0.293750
0 0.685156 0.744531 0.145313 0.289062