0 0.290625 0.067187 0.100000 0.134375
0 0.397656 0.065625 0.107813 0.131250
9 0.183594 0.067187 0.104688 0.134375
6 0.060156 0.070312 0.114062 0.140625
10 0.236719 0.019531 0.042188 0.039062
2 0.638281 0.228906 0.085938 0.101562
7 0.760938 0.211719 0.084375 0.135937
6 0.862500 0.196875 0.075000 0.165625
0 0.964063 0.188281 0.071875 0.182812
4 0.138281 0.564063 0.135937 0.318750
8 0.278125 0.562500 0.134375 0.318750
5 0.394531 0.553906 0.114062 0.323437
0 0.475000 0.550000 0.028125 0.318750
10 0.463281 0.673438 0.039062 0.081250
2 0.536719 0.497656 0.095312 0.376563
1 0.650781 0.477344 0.110937 0.357812
10 0.700000 0.618750 0.037500 0.062500
0 0.775000 0.482812 0.143750 0.346875
1 0.939844 0.463281 0.117188 0.345313