0 0.245312 0.364063 0.159375 0.284375
0 0.347656 0.395313 0.164062 0.281250
9 0.140625 0.338281 0.162500 0.285938
6 0.053125 0.314844 0.106250 0.301563
10 0.157812 0.459375 0.059375 0.087500
9 0.724219 0.507031 0.210938 0.354687
4 0.870313 0.530469 0.196875 0.317188
10 0.895312 0.660937 0.075000 0.056250
0 0.947656 0.540625 0.104688 0.296875
2 0.037500 0.886719 0.075000 0.226562
0 0.125000 0.893750 0.153125 0.212500
2 0.249219 0.907813 0.135937 0.184375
0 0.361719 0.922656 0.129688 0.154688
0 0.475781 0.928906 0.145313 0.142187
2 0.648438 0.819531 0.137500 0.260937
1 0.796875 0.829688 0.231250 0.281250
7 0.910156 0.844531 0.179688 0.310937
10 0.958594 0.957812 0.076563 0.084375