1 0.028125 0.064844 0.056250 0.129688
7 0.096094 0.066406 0.104688 0.132812
5 0.203906 0.075781 0.095312 0.151562
10 0.242188 0.114062 0.040625 0.062500
0 0.310156 0.095312 0.123438 0.190625
0 0.419531 0.086719 0.126562 0.173437
2 0.644531 0.098437 0.167187 0.196875
4 0.805469 0.096094 0.170313 0.192188
10 0.871094 0.046094 0.045312 0.092188
0 0.947656 0.096875 0.104688 0.193750
4 0.444531 0.733594 0.110937 0.323437
6 0.324219 0.725781 0.142187 0.317188
2 0.196094 0.730469 0.132812 0.314063
10 0.491406 0.845313 0.017188 0.084375
4 0.870313 0.749219 0.159375 0.345313
8 0.968750 0.732031 0.062500 0.298438