7 0.087500 0.064062 0.084375 0.128125
4 0.173437 0.060937 0.087500 0.121875
10 0.221094 0.065625 0.032813 0.062500
0 0.271094 0.062500 0.089063 0.125000
0 0.361719 0.062500 0.085938 0.125000
1 0.525000 0.243750 0.050000 0.365625
7 0.556250 0.225000 0.112500 0.368750
5 0.700781 0.241406 0.148438 0.376563
10 0.789844 0.380469 0.057813 0.079687
0 0.872656 0.218750 0.154688 0.384375
0 0.982031 0.227344 0.035937 0.401562
7 0.240625 0.928906 0.118750 0.142187
0 0.429688 0.932031 0.140625 0.135937
0 0.755469 0.957812 0.117188 0.084375
0 0.868750 0.955469 0.121875 0.089063
7 0.634375 0.959375 0.084375 0.081250