7 0.285938 0.278906 0.128125 0.270313
4 0.325781 0.305469 0.048438 0.260937
4 0.646094 0.183594 0.126562 0.223438
7 0.754687 0.198437 0.112500 0.228125
0 0.841406 0.214062 0.126562 0.225000
2 0.942187 0.229687 0.115625 0.228125
10 0.771094 0.289844 0.020313 0.032813
1 0.018750 0.565625 0.037500 0.071875
1 0.014063 0.560156 0.028125 0.060937
5 0.018750 0.567187 0.037500 0.075000
10 0.004687 0.536719 0.009375 0.014063
0 0.019531 0.564844 0.039062 0.070312
0 0.017969 0.564844 0.035937 0.070312
1 0.666406 0.663281 0.135937 0.267188
7 0.746094 0.684375 0.151562 0.278125
5 0.850000 0.714844 0.146875 0.292187
10 0.865625 0.824219 0.050000 0.067187
0 0.929688 0.762500 0.140625 0.312500