7 0.180469 0.258594 0.145313 0.310937
6 0.300000 0.307031 0.165625 0.320312
0 0.428125 0.336719 0.165625 0.285938
0 0.555469 0.357031 0.164062 0.245312
10 0.329688 0.443750 0.031250 0.050000
2 0.701562 0.100000 0.125000 0.200000
3 0.802344 0.096875 0.226562 0.193750
6 0.920312 0.094531 0.159375 0.189062
10 0.976562 0.149219 0.046875 0.098437
4 0.133594 0.632812 0.173437 0.306250
5 0.287500 0.646094 0.175000 0.332813
10 0.310937 0.803906 0.062500 0.095312
0 0.436719 0.671875 0.198437 0.359375
0 0.562500 0.717187 0.153125 0.365625
10 0.859375 0.725781 0.068750 0.085938
4 0.718750 0.619531 0.159375 0.279687
0 0.823438 0.621094 0.181250 0.282813
0 0.925000 0.647656 0.150000 0.335938