2 0.032813 0.182812 0.065625 0.228125
7 0.082812 0.192188 0.134375 0.243750
6 0.187500 0.196875 0.128125 0.253125
10 0.214062 0.310156 0.025000 0.035937
0 0.296875 0.210938 0.140625 0.256250
0 0.392188 0.219531 0.115625 0.239063
0 0.868750 0.280469 0.218750 0.373437
1 0.960156 0.324219 0.079687 0.379688
7 0.723437 0.238281 0.218750 0.392188
1 0.608594 0.214844 0.167187 0.364063
10 0.748437 0.397656 0.078125 0.095312
3 0.189844 0.719531 0.285938 0.260937
6 0.359375 0.710156 0.181250 0.242188
10 0.421094 0.717187 0.057813 0.118750
4 0.575781 0.681250 0.223438 0.184375
5 0.706250 0.700000 0.196875 0.221875
10 0.738281 0.764062 0.073438 0.112500
0 0.841406 0.710156 0.198437 0.242188
0 0.935156 0.729688 0.129688 0.281250