2 0.047656 0.338281 0.095312 0.226562
7 0.145313 0.289062 0.134375 0.243750
6 0.240625 0.244531 0.128125 0.251563
10 0.317188 0.331250 0.025000 0.034375
0 0.345313 0.205469 0.140625 0.254688
0 0.440625 0.167969 0.125000 0.239063
7 0.706250 0.125781 0.168750 0.251563
4 0.802344 0.121875 0.173437 0.243750
4 0.955469 0.101562 0.089063 0.203125
9 0.900000 0.115625 0.175000 0.231250
2 0.095312 0.752344 0.190625 0.495312
2 0.424219 0.669531 0.273438 0.420312
10 0.550781 0.775000 0.076563 0.106250
0 0.527344 0.639844 0.123438 0.360938
0 0.242969 0.693750 0.304688 0.468750
5 0.711719 0.771875 0.245312 0.456250
0 0.875000 0.748437 0.250000 0.503125