6 0.309375 0.320312 0.131250 0.218750
6 0.412500 0.319531 0.112500 0.220312
5 0.525781 0.128125 0.114062 0.256250
0 0.575000 0.146094 0.212500 0.292187
0 0.778906 0.163281 0.229687 0.326562
0 0.928125 0.171094 0.143750 0.342187
10 0.651563 0.253125 0.078125 0.109375
4 0.107813 0.668750 0.215625 0.478125
0 0.286719 0.665625 0.210938 0.459375
0 0.418750 0.696094 0.100000 0.482812
10 0.367188 0.851562 0.087500 0.103125
10 0.969531 0.739062 0.023438 0.050000
5 0.864062 0.650000 0.096875 0.190625
7 0.944531 0.661719 0.070312 0.179688
8 0.987500 0.676562 0.025000 0.193750