6 0.029687 0.296094 0.059375 0.126562
6 0.061719 0.289062 0.110937 0.140625
0 0.175781 0.292187 0.123438 0.134375
4 0.292187 0.290625 0.115625 0.137500
10 0.790625 0.040625 0.065625 0.081250
7 0.898438 0.096094 0.156250 0.192188
0 0.714844 0.092969 0.182812 0.185938
9 0.559375 0.102344 0.187500 0.204687
5 0.494531 0.103906 0.089063 0.207813
0 0.086719 0.793750 0.173437 0.412500
0 0.266406 0.782813 0.210938 0.434375
8 0.049219 0.785937 0.098437 0.428125
6 0.048438 0.792188 0.096875 0.415625
10 0.015625 0.956250 0.031250 0.087500
1 0.478906 0.581250 0.057813 0.443750
8 0.500781 0.559375 0.101562 0.400000
1 0.607812 0.546094 0.071875 0.373437
10 0.652344 0.710156 0.054688 0.101562
0 0.774219 0.555469 0.232813 0.392188
0 0.939063 0.502344 0.121875 0.285938