3 0.054688 0.124219 0.109375 0.248438
3 0.128906 0.116406 0.120313 0.232813
4 0.565625 0.115625 0.093750 0.231250
4 0.577344 0.097656 0.117188 0.195312
6 0.562500 0.106250 0.087500 0.212500
0 0.698438 0.082812 0.159375 0.165625
0 0.828906 0.082812 0.164062 0.165625
10 0.636719 0.141406 0.064062 0.110937
10 0.432031 0.975781 0.042188 0.048438
0 0.466406 0.878906 0.104688 0.242188
6 0.364063 0.878906 0.118750 0.242188
2 0.260937 0.871875 0.134375 0.256250
2 0.151562 0.878906 0.118750 0.242188
1 0.532813 0.544531 0.028125 0.070312
1 0.528906 0.539062 0.020313 0.059375
5 0.532813 0.546875 0.028125 0.075000
10 0.529687 0.516406 0.018750 0.014063
0 0.550781 0.543750 0.060937 0.068750
0 0.606250 0.543750 0.056250 0.068750