4 0.306250 0.261719 0.259375 0.417187
9 0.401562 0.330469 0.115625 0.417187
2 0.131250 0.214844 0.250000 0.429688
2 0.071094 0.158594 0.142187 0.317188
2 0.056250 0.191406 0.112500 0.382812
10 0.169531 0.383594 0.104688 0.123438
10 0.887500 0.160938 0.059375 0.087500
4 0.693750 0.096875 0.243750 0.193750
0 0.836719 0.095312 0.229687 0.190625
0 0.946875 0.115625 0.106250 0.231250
4 0.062500 0.635938 0.125000 0.193750
1 0.042969 0.623437 0.085938 0.168750
5 0.085156 0.632031 0.170313 0.185938
10 0.102344 0.643750 0.067187 0.090625
0 0.217969 0.628906 0.217188 0.179688
0 0.357812 0.647656 0.203125 0.217188
1 0.542188 0.726562 0.165625 0.375000
0 0.942187 0.797656 0.115625 0.404687
0 0.832812 0.761719 0.225000 0.414062
4 0.659375 0.736719 0.237500 0.395313
10 0.876563 0.923438 0.090625 0.121875