1 0.242188 0.310156 0.037500 0.273438
7 0.342969 0.299219 0.073438 0.254688
5 0.450781 0.290625 0.073438 0.237500
10 0.501563 0.405469 0.018750 0.045312
0 0.559375 0.296094 0.084375 0.232813
1 0.663281 0.327344 0.067187 0.548438
8 0.682813 0.317188 0.106250 0.571875
0 0.792188 0.328906 0.206250 0.573438
0 0.953906 0.311719 0.092188 0.570312
10 0.666406 0.538281 0.073438 0.182812
0 0.519531 0.859375 0.126562 0.281250
0 0.609375 0.864062 0.040625 0.271875
4 0.385937 0.865625 0.118750 0.268750
6 0.252344 0.866406 0.126562 0.267188
2 0.124219 0.872656 0.117188 0.254688
10 0.445312 0.978906 0.043750 0.042188
0 0.725781 0.822656 0.192188 0.285938
0 0.921094 0.817969 0.157812 0.276562
0 0.688281 0.834375 0.117188 0.309375
10 0.646875 0.922656 0.034375 0.142187
6 0.692969 0.839844 0.126562 0.320312