1 0.196875 0.252344 0.096875 0.276562
7 0.298438 0.260937 0.128125 0.265625
5 0.406250 0.273438 0.121875 0.246875
10 0.433594 0.393750 0.029687 0.050000
0 0.481250 0.296875 0.075000 0.246875
3 0.591406 0.240625 0.145313 0.481250
7 0.582031 0.248438 0.126562 0.465625
10 0.541406 0.435156 0.045312 0.123438
0 0.645312 0.273438 0.253125 0.496875
0 0.834375 0.296094 0.287500 0.489063
3 0.567969 0.850000 0.098437 0.300000
5 0.589844 0.860156 0.142187 0.279687
10 0.607031 0.977344 0.070312 0.045312
0 0.695312 0.871875 0.193750 0.256250
1 0.840625 0.875781 0.162500 0.248438