3 0.050000 0.317969 0.100000 0.317188
3 0.136719 0.339844 0.145313 0.323437
10 0.182031 0.457813 0.045312 0.087500
2 0.260156 0.354687 0.142187 0.309375
4 0.382031 0.375000 0.170313 0.300000
0 0.918750 0.425781 0.146875 0.207813
0 0.974219 0.432812 0.051562 0.193750
7 0.796094 0.420312 0.120313 0.218750
5 0.671094 0.415625 0.145313 0.228125
10 0.824219 0.519531 0.048438 0.020313
1 0.025781 0.851562 0.051562 0.296875
4 0.040625 0.857031 0.081250 0.285938
3 0.145313 0.864844 0.137500 0.270313
10 0.186719 0.989062 0.067187 0.021875
0 0.272656 0.871875 0.148438 0.256250
1 0.428125 0.882031 0.125000 0.235937
10 0.960156 0.969531 0.054688 0.060937
10 0.916406 0.835156 0.160938 0.329688
2 0.782031 0.821875 0.179688 0.346875
2 0.633594 0.804688 0.189062 0.343750