5 0.032813 0.463281 0.065625 0.251563
3 0.052344 0.466406 0.104688 0.245312
4 0.167969 0.455469 0.145313 0.267188
9 0.299219 0.450000 0.142187 0.278125
10 0.108594 0.567969 0.057813 0.042188
6 0.568750 0.224219 0.118750 0.448437
6 0.628906 0.221094 0.214062 0.442188
6 0.850781 0.211719 0.210938 0.423438
10 0.746094 0.382812 0.082812 0.134375
4 0.049219 0.719531 0.098437 0.260937
1 0.244531 0.711719 0.067187 0.245312
6 0.380469 0.707031 0.154688 0.235937
10 0.474219 0.820312 0.054688 0.103125
4 0.542188 0.650781 0.065625 0.123438
0 0.548438 0.650000 0.078125 0.121875
0 0.651563 0.653125 0.128125 0.128125
0 0.773438 0.652344 0.137500 0.126562
10 0.592187 0.614844 0.062500 0.051562