5 0.171875 0.244531 0.118750 0.229687
3 0.263281 0.262500 0.107813 0.221875
4 0.361719 0.267969 0.129688 0.232813
9 0.462500 0.289844 0.128125 0.251563
10 0.294531 0.363281 0.051562 0.076563
5 0.642188 0.070312 0.106250 0.140625
8 0.756250 0.061719 0.115625 0.123438
10 0.789062 0.032813 0.040625 0.065625
0 0.879687 0.069531 0.146875 0.139063
2 0.039844 0.646094 0.079687 0.173437
9 0.094531 0.646094 0.167187 0.173437
7 0.221875 0.641406 0.131250 0.164062
10 0.253906 0.580469 0.051562 0.042188
0 0.347656 0.639062 0.160938 0.159375
1 0.486719 0.630469 0.132812 0.142187
0 0.620313 0.666406 0.062500 0.214062
0 0.620313 0.673438 0.062500 0.228125
0 0.636719 0.682813 0.095312 0.246875
2 0.725781 0.693750 0.110937 0.259375
6 0.817969 0.710938 0.107813 0.256250
3 0.914062 0.731250 0.093750 0.243750
0 0.971875 0.747656 0.056250 0.239063
10 0.931250 0.835938 0.015625 0.037500