4 0.226562 0.592187 0.106250 0.193750
3 0.371094 0.580469 0.082812 0.217188
0 0.481250 0.568750 0.075000 0.240625
2 0.546094 0.282813 0.054688 0.312500
1 0.592187 0.274219 0.050000 0.320312
9 0.707031 0.269531 0.092188 0.317188
10 0.767969 0.406250 0.039062 0.065625
0 0.852344 0.267188 0.120313 0.312500
0 0.967969 0.258594 0.064062 0.304688
10 0.267188 0.725000 0.034375 0.071875
4 0.338281 0.753125 0.089063 0.128125
4 0.030469 0.748437 0.060937 0.118750
1 0.139063 0.753906 0.071875 0.129688
1 0.228906 0.752344 0.073438 0.126562
0 0.538281 0.903906 0.039062 0.192188
8 0.539844 0.907031 0.042188 0.185938
7 0.621094 0.903125 0.070312 0.193750
2 0.713281 0.901563 0.085938 0.196875
4 0.811719 0.903125 0.076563 0.193750
3 0.909375 0.896094 0.084375 0.207813