4 0.254688 0.259375 0.156250 0.303125
3 0.390625 0.204687 0.131250 0.284375
10 0.454688 0.311719 0.009375 0.039062
3 0.511719 0.367969 0.104688 0.164062
0 0.517969 0.363281 0.117188 0.173437
0 0.668750 0.341406 0.243750 0.217188
0 0.837500 0.326562 0.212500 0.246875
6 0.071094 0.662500 0.142187 0.425000
6 0.086719 0.646094 0.173437 0.392188
6 0.257812 0.622656 0.259375 0.345313
2 0.402344 0.605469 0.114062 0.310937
10 0.184375 0.759375 0.093750 0.143750
4 0.533594 0.670312 0.148438 0.331250
9 0.642188 0.646094 0.162500 0.339062
10 0.737500 0.771094 0.075000 0.104688
0 0.787500 0.624219 0.181250 0.332813