5 0.175781 0.111719 0.132812 0.223438
5 0.288281 0.097656 0.126562 0.195312
0 0.392969 0.091406 0.135937 0.182812
10 0.351562 0.160938 0.031250 0.053125
1 0.542188 0.219531 0.106250 0.420312
2 0.567969 0.196875 0.157812 0.393750
3 0.671875 0.185938 0.265625 0.371875
10 0.780469 0.286719 0.092188 0.120313
0 0.846875 0.157031 0.271875 0.314063
0 0.942969 0.151562 0.114062 0.303125
5 0.071875 0.710938 0.143750 0.446875
9 0.064844 0.667188 0.129688 0.443750
10 0.067969 0.814844 0.076563 0.110937
1 0.156250 0.628125 0.218750 0.396875
9 0.314844 0.627344 0.279687 0.395313
5 0.535937 0.631250 0.093750 0.359375
9 0.581250 0.597656 0.184375 0.335938
10 0.672656 0.723437 0.070312 0.103125
0 0.728906 0.581250 0.217188 0.303125
0 0.885938 0.565625 0.196875 0.271875