5 0.362500 0.382031 0.034375 0.245312
3 0.592187 0.167187 0.112500 0.334375
0 0.727344 0.204687 0.123438 0.331250
1 0.879687 0.221094 0.071875 0.285938
10 0.919531 0.344531 0.045312 0.110937
8 0.967969 0.249219 0.064062 0.292187
1 0.016406 0.702344 0.032813 0.185938
8 0.034375 0.703125 0.068750 0.187500
6 0.037500 0.697656 0.075000 0.176563
10 0.082031 0.776563 0.051562 0.143750
0 0.173437 0.709375 0.153125 0.200000
0 0.322656 0.714063 0.114062 0.209375
0 0.685937 0.875000 0.128125 0.250000
0 0.812500 0.875781 0.140625 0.248438
2 0.544531 0.872656 0.145313 0.254688
5 0.432031 0.867188 0.104688 0.265625