1 0.064062 0.060937 0.056250 0.121875
8 0.152344 0.068750 0.120313 0.137500
7 0.287500 0.083594 0.096875 0.167187
10 0.316406 0.156250 0.020313 0.040625
0 0.348438 0.094531 0.040625 0.189062
3 0.417187 0.225000 0.096875 0.450000
9 0.498437 0.232813 0.200000 0.434375
10 0.574219 0.431250 0.070312 0.037500
0 0.725000 0.245312 0.221875 0.409375
1 0.963281 0.267969 0.073438 0.364063
5 0.150000 0.778125 0.221875 0.428125
2 0.296875 0.803906 0.143750 0.392188
4 0.465625 0.554688 0.150000 0.209375
5 0.603906 0.564844 0.129688 0.229687
10 0.650000 0.639062 0.075000 0.100000
0 0.739062 0.583594 0.150000 0.267188
0 0.863281 0.587500 0.157812 0.275000