1 0.010937 0.066406 0.021875 0.132812
7 0.051562 0.072656 0.090625 0.145313
7 0.175781 0.067187 0.079687 0.134375
0 0.284375 0.068750 0.096875 0.137500
2 0.410938 0.065625 0.096875 0.131250
10 0.230469 0.092188 0.020313 0.037500
3 0.773438 0.155469 0.128125 0.248438
8 0.928906 0.142969 0.120313 0.273438
7 0.054688 0.611719 0.109375 0.445312
3 0.196094 0.605469 0.195312 0.489063
10 0.294531 0.767188 0.060937 0.131250
0 0.367969 0.582031 0.182812 0.479687
2 0.514844 0.516406 0.110937 0.223438
9 0.629687 0.500000 0.115625 0.234375
10 0.693750 0.577344 0.031250 0.060937
0 0.750000 0.478125 0.109375 0.221875
0 0.871094 0.469531 0.123438 0.235937