2 0.135937 0.064062 0.146875 0.128125
9 0.243750 0.082031 0.143750 0.164062
10 0.254688 0.164844 0.021875 0.032813
0 0.303125 0.099219 0.071875 0.198437
2 0.576562 0.342969 0.159375 0.285938
2 0.703125 0.358594 0.175000 0.301563
3 0.837500 0.375000 0.146875 0.268750
0 0.933594 0.382031 0.132812 0.254688
10 0.045312 0.555469 0.050000 0.067187
1 0.032031 0.572656 0.064062 0.126562
2 0.046875 0.585938 0.093750 0.153125
5 0.053906 0.573438 0.107813 0.128125
0 0.134375 0.572656 0.153125 0.126562
0 0.218750 0.566406 0.137500 0.114062
7 0.627344 0.607812 0.223438 0.196875
2 0.767188 0.599219 0.221875 0.179688
10 0.789062 0.653125 0.068750 0.090625
0 0.903125 0.609375 0.193750 0.200000