0 0.415625 0.474219 0.140625 0.264062
0 0.521875 0.485938 0.137500 0.262500
5 0.308594 0.456250 0.123438 0.256250
7 0.225000 0.446875 0.125000 0.278125
10 0.341406 0.577344 0.051562 0.082812
6 0.760938 0.220312 0.162500 0.368750
7 0.912500 0.242188 0.159375 0.353125
10 0.946875 0.434375 0.087500 0.134375
1 0.179688 0.747656 0.071875 0.235937
8 0.266406 0.762500 0.135937 0.265625
7 0.400781 0.800781 0.110937 0.264062
10 0.419531 0.920312 0.023438 0.040625
0 0.499219 0.824219 0.132812 0.267188
0 0.613281 0.858594 0.132812 0.267188
3 0.723437 0.724219 0.087500 0.189062
6 0.742969 0.722656 0.126562 0.185938
10 0.774219 0.679688 0.064062 0.081250
0 0.894531 0.718750 0.176563 0.178125