0 0.500781 0.232031 0.160938 0.270313
0 0.598437 0.256250 0.140625 0.268750
5 0.395313 0.200781 0.143750 0.260937
7 0.312500 0.181250 0.146875 0.284375
10 0.425000 0.325781 0.056250 0.085938
1 0.713281 0.135156 0.089063 0.270313
9 0.727344 0.157031 0.117188 0.314063
6 0.725781 0.175000 0.114062 0.350000
10 0.685156 0.326562 0.032813 0.093750
10 0.764062 0.217969 0.190625 0.385937
6 0.263281 0.726562 0.204687 0.234375
4 0.383594 0.742969 0.173437 0.267188
0 0.505469 0.751563 0.176563 0.284375
1 0.619531 0.767188 0.098437 0.315625
10 0.419531 0.830469 0.067187 0.104688
2 0.707031 0.700781 0.076563 0.182812
0 0.708594 0.722656 0.079687 0.226562
6 0.732812 0.735156 0.128125 0.251563
10 0.753906 0.850000 0.026562 0.040625
0 0.850000 0.758594 0.168750 0.298438
1 0.982031 0.814844 0.035937 0.295312